0.04	1.0	1.05	1.1	1.15	1.2	1.25
0.01	0.0	0.0	0.0	0.0	0.0	0.0
0.01153674832962138	0.0	0.0	0.0	0.0	0.0	0.0
0.013073496659242761	0.0	0.0	0.0	0.0	0.0	0.0
0.014610244988864143	0.0	0.0	0.0	0.0	0.0	0.0
0.016146993318485525	0.0	0.0	0.0	0.0	0.0	0.0
0.017683741648106904	0.0	0.0	0.0	0.0	0.0	0.0
0.019220489977728284	0.0	0.0	0.0	0.0	0.0	0.0
0.020757238307349667	0.0	0.0	0.0	0.0	0.0	0.0
0.022293986636971047	0.0	0.0	0.0	0.0	0.0	0.0
0.023830734966592427	0.0	0.0	0.0	0.0	0.0	0.0
0.02536748329621381	0.0	0.0	0.0	0.0	0.0	0.0
0.02690423162583519	0.0	0.0	0.0	0.0	0.0	0.0
0.02844097995545657	0.0	0.0	0.0	0.0	0.0	0.0
0.02997772828507795	0.0	0.0	0.0	0.0	0.0	0.0
0.03151447661469933	0.0	0.0	0.0	0.0	0.0	1.9999999999999287e-7
0.033051224944320716	0.0	0.0	0.0	0.0	0.0	1.900000000000081e-6
0.03458797327394209	0.0	0.0	0.0	0.0	2.9999999999998755e-7	8.400000000002081e-6
0.036124721603563476	0.0	0.0	0.0	0.0	7.999999999998958e-7	3.310000000000084e-5
0.03766146993318485	0.0	0.0	0.0	1.0000000000000352e-7	2.2000000000000734e-6	0.00013260000000002228
0.039198218262806235	0.0	0.0	0.0	4.000000000000379e-7	1.1899999999999601e-5	0.0004000000000000346
0.04073496659242762	0.0	0.0	0.0	3.000000000000074e-7	3.759999999999768e-5	0.0009120999999999735
0.042271714922048995	0.0	0.0	0.0	2.2000000000001183e-6	0.00011270000000000609	0.0021721999999998525
0.04380846325167038	0.0	0.0	0.0	5.00000000000018e-6	0.00024250000000001384	0.0038743999999999636
0.04534521158129176	0.0	0.0	9.999999999999491e-8	1.630000000000031e-5	0.0005230000000000871	0.006839999999999732
0.04688195991091314	0.0	0.0	6.000000000000317e-7	4.9599999999997065e-5	0.0012506999999999195	0.013404699999998378
0.04841870824053452	0.0	0.0	2.999999999999934e-7	0.0001012000000000049	0.002253799999999997	0.02091879999999853
0.049955456570155904	0.0	0.0	2.3999999999999122e-6	0.00016600000000000395	0.003341000000000312	0.02808489999999954
0.05149220489977728	0.0	0.0	7.800000000000815e-6	0.0003799999999999509	0.006182499999999288	0.04462760000000015
0.05302895322939866	0.0	1.9999999999999719e-7	1.4299999999998889e-5	0.0005788999999999433	0.00841539999999947	0.05577519999999179
0.05456570155902005	0.0	1.999999999999915e-7	3.769999999999889e-5	0.0012393999999998852	0.014916900000002047	0.08476429999998622
0.05610244988864142	0.0	5.999999999999729e-7	7.970000000000211e-5	0.0022020000000003157	0.02310599999999874	0.11685689999999432
0.057639198218262806	0.0	8.999999999999801e-7	8.940000000001216e-5	0.0025454999999998842	0.025453000000000267	0.12491079999999954
0.05917594654788419	0.0	2.1000000000002048e-6	0.00015380000000002399	0.0037009000000006132	0.03369400000000726	0.1525939999999878
0.060712694877505566	0.0	3.3999999999999314e-6	0.0003199000000000161	0.0063768000000006845	0.050053899999996994	0.2002535000000151
0.06224944320712695	0.0	4.700000000000377e-6	0.0003940000000000667	0.007395800000000777	0.0554340000000067	0.21513779999997548
0.06378619153674833	0.0	1.0200000000001618e-5	0.0006410000000000425	0.010318800000001765	0.07030909999999856	0.252547100000048
0.06532293986636971	0.0	2.630000000000212e-5	0.0012123000000000739	0.016581500000000478	0.09905189999999804	0.31707309999996675
0.06685968819599108	5.999999999999236e-7	5.9400000000000224e-5	0.0022422999999995425	0.026650499999997048	0.1389981000000138	0.3953383000000462
0.06839643652561248	0.0	5.639999999999618e-5	0.002132400000000173	0.025453299999997278	0.13490410000001493	0.3875140999999597
0.06993318485523385	6.000000000000001e-7	6.24000000000042e-5	0.002388300000000107	0.027466499999998138	0.14206739999999615	0.40056979999999975
0.07146993318485523	0.0	9.339999999999509e-5	0.003079500000000124	0.033052900000001	0.1614838000000062	0.4340840999999887
0.07300668151447662	1.00000000000003e-6	0.00016560000000001048	0.00458240000000026	0.04390990000000111	0.19566749999998959	0.48787489999998684
0.074543429844098	2.0000000000000503e-6	0.0002579999999999923	0.006355700000000106	0.055601299999997536	0.22911919999999114	0.5354936000001187
0.07608017817371937	1.999999999999911e-6	0.00027879999999998016	0.0067878999999996265	0.05804089999999777	0.23538779999999845	0.5444656999999424
0.07761692650334076	3.8000000000005036e-6	0.00035700000000001036	0.00803470000000082	0.06548920000000313	0.25506789999997626	0.570438300000082
0.07915367483296214	6.499999999999731e-6	0.0005259999999999592	0.01057920000000034	0.07927260000000577	0.2891190000000155	0.6124026999999641
0.08069042316258351	1.1400000000000823e-5	0.0008649000000000861	0.015192499999998346	0.1014263000000132	0.33927529999996847	0.668303100000045
0.0822271714922049	2.8700000000000894e-5	0.001535800000000109	0.02293759999999845	0.13527380000001235	0.4056242999999981	0.7332855000000305
0.08376391982182628	4.0599999999999686e-5	0.002210300000000057	0.03006530000000341	0.16390260000000773	0.4574777999999839	0.7773685999999267
0.08530066815144766	3.539999999999986e-5	0.0019550000000000995	0.027365100000002886	0.1537058999999941	0.44050970000001594	0.7633624999999812
0.08683741648106905	3.090000000000121e-5	0.0018553000000000467	0.026619799999998205	0.15074580000000848	0.43464469999999233	0.7586946000000002
0.08837416481069042	3.759999999999386e-5	0.0019456000000000557	0.027564600000000293	0.15416840000000945	0.44079020000002617	0.764003599999913
0.0899109131403118	4.449999999999401e-5	0.002227699999999563	0.030156799999996275	0.16408059999999522	0.4576350000000275	0.7781535999999248
0.09144766146993319	5.730000000000738e-5	0.0027692000000003308	0.03498349999999656	0.18134399999999815	0.48546259999996794	0.7995722000000183
0.09298440979955457	8.310000000000388e-5	0.0036283000000001263	0.04264930000000096	0.2067585000000019	0.5239141000001093	0.8271820000000747
0.09452115812917594	0.0001422000000000047	0.005140100000000514	0.05396249999999538	0.24112119999999035	0.572096000000036	0.8590549999999931
0.09605790645879733	0.00017349999999998855	0.0060377999999990314	0.05976479999999901	0.25697229999998905	0.5927628000000562	0.8716731000000117
0.09759465478841871	0.0001713999999999989	0.005884800000000343	0.05938959999999461	0.2557640999999579	0.5910024000000569	0.8704421999999713
0.09913140311804008	0.00018940000000000723	0.006155499999999382	0.061183999999996165	0.2606849000000121	0.5967608999999314	0.8740136000000474
0.10066815144766147	0.00020960000000000436	0.006842199999999388	0.06538239999999645	0.2722029000000184	0.6111673999999143	0.882518100000068
0.10220489977728285	0.0002650000000000326	0.007916599999998705	0.07254739999999199	0.2907193000000348	0.6333026999999691	0.8948145000000681
0.10374164810690423	0.0003581000000000475	0.00960400000000073	0.08278350000000174	0.31589690000002024	0.6622104000000147	0.909844900000164
0.10527839643652562	0.00049959999999995	0.012165299999998595	0.09715189999999853	0.34940270000001056	0.6972485000000501	0.9263091999999608
0.106815144766147	0.0007284999999999772	0.015878500000001548	0.11645429999999367	0.39070869999998026	0.7370345000000569	0.9430764000000166
0.10835189309576837	0.0010801000000001295	0.021338600000000162	0.1416921000000016	0.43962109999995674	0.779817999999922	0.9589903000000439
0.10988864142538976	0.0017626000000002236	0.029315399999999027	0.17476060000002394	0.49666109999998465	0.8228925999999696	0.972449800000052
0.11142538975501114	0.0022924999999999296	0.03626860000000379	0.202900900000009	0.541711599999977	0.8528647000000386	0.9797697000000758
0.11296213808463251	0.0019402999999997995	0.03213910000000103	0.1875559999999736	0.5182612999999139	0.8378541999999324	0.9759416999999793
0.1144988864142539	0.0016625999999998569	0.029100900000000495	0.1762137000000141	0.500398999999986	0.8253350999999551	0.9724604000000124
0.11603563474387528	0.001513099999999956	0.02718829999999984	0.1683353000000011	0.4871288999999384	0.8160745999999062	0.9698731000000317
0.11757238307349666	0.0014116000000001104	0.025926200000001835	0.16323699999997768	0.4787858999999731	0.8102876000001081	0.9681587999999736
0.11910913140311805	0.0013893999999998424	0.025589200000002577	0.1611370999999779	0.47561590000001625	0.8079372000000091	0.9674541999998977
0.12064587973273942	0.0014058999999997303	0.025849900000000592	0.1625038000000029	0.4771617999999825	0.8088145999999756	0.9678426000000296
0.1221826280623608	0.0014850000000001114	0.026765699999998647	0.16597509999999516	0.4835831999999619	0.8136404999999873	0.9693402000000648
0.12371937639198219	0.0016133999999999097	0.028464800000000196	0.17275579999998014	0.4950172000000202	0.821785799999943	0.9718139999999645
0.12525612472160355	0.0018163999999997681	0.030846699999998048	0.18253029999999168	0.5103820000000245	0.832854599999942	0.9748435999999623
0.12679287305122494	0.0021309999999999437	0.034286199999998594	0.19554299999999328	0.530880199999938	0.8465611999999657	0.9784371999999109
0.12832962138084633	0.002590899999999732	0.03905660000000214	0.21257980000000065	0.555509399999935	0.8622987999999142	0.9823135999999566
0.1298663697104677	0.003191699999999785	0.04523249999999847	0.23302239999998065	0.5843425999999025	0.8791827999998961	0.9860554999999759
0.13140311804008908	0.004058000000000255	0.05311240000000848	0.2579356000000126	0.6165619000000291	0.8968870999999716	0.9896150999999509
0.13293986636971047	0.005259200000000631	0.06312109999999786	0.2872127000000448	0.6522974999999019	0.9148043000000368	0.9926564999999303
0.13447661469933184	0.005374100000000472	0.06358710000000156	0.2889037000000317	0.6538596000000655	0.9157674999999202	0.9927722000000351
0.13601336302895323	0.0050723000000002854	0.06145189999999604	0.2819743999999932	0.6458706000000691	0.9117532999999456	0.9921755000000103
0.13755011135857462	0.0049100000000000645	0.05998620000000016	0.27763869999998075	0.6405177000000011	0.909094000000011	0.9917832000000378
0.13908685968819598	0.004810000000000076	0.05920330000000032	0.27557719999998354	0.638080000000006	0.9079419000000354	0.991540599999974
0.14062360801781737	0.004820899999999732	0.05940380000000283	0.27598970000004164	0.6384226999999912	0.9083539000000189	0.9916407999999474
0.14216035634743876	0.0049265000000001825	0.06019900000000436	0.2787858000000349	0.641867600000154	0.9098281999999323	0.991945799999918
0.14369710467706012	0.005198799999999876	0.06215900000000825	0.28397380000000505	0.6477243999999662	0.9127555000000925	0.9924747000000211
0.1452338530066815	0.005483100000000637	0.06476119999999504	0.29172700000000046	0.656622299999992	0.9171406999999994	0.9931546999999876
0.1467706013363029	0.005972399999999324	0.06845450000000212	0.3015293000000208	0.6678156000000852	0.9225467999998861	0.9939594000001498
0.14830734966592427	0.006592900000001419	0.0730186999999978	0.31396300000003846	0.6818807999999695	0.9286652999999232	0.9948690999999928
0.14984409799554566	0.007399400000000284	0.07891639999999876	0.3290862000000081	0.698260800000013	0.93556549999998	0.9957618000000324
0.15138084632516705	0.00841180000000103	0.08607279999999325	0.34683629999998256	0.7162684999999744	0.9429602999999626	0.996676300000016
0.1529175946547884	0.009744199999999828	0.09485350000000886	0.3676572000000131	0.7363436000000625	0.9505295000000786	0.9974508999999984
0.1544543429844098	0.011392499999999472	0.10512629999999608	0.3909722000000015	0.7578794999998607	0.9580641999999563	0.9981758999999799
0.1559910913140312	0.013497799999999607	0.11728860000001334	0.4170012000000254	0.7806523999999565	0.965432200000042	0.9987270999999933
0.15752783964365255	0.01611740000000099	0.1317098999999938	0.44622619999999596	0.8040488000001694	0.9721699000002116	0.9991870000000225
0.15906458797327394	0.01937190000000088	0.14849509999998292	0.4781411999999683	0.8276710999999518	0.9784530999999211	0.9995068000000493
0.16060133630289533	0.02337930000000097	0.16831480000001367	0.5126557999999733	0.8511157000001617	0.9837560000000456	0.9997212000000771
0.1621380846325167	0.028530700000001113	0.1909026999999907	0.5489114000000103	0.8739089999999152	0.9882231000000565	0.9998586000000006
0.16367483296213808	0.03499860000000241	0.21662659999997286	0.5871914000000328	0.8954191999999636	0.9918456999999891	0.9999324999999933
0.16521158129175947	0.04287490000000155	0.24611270000001642	0.6271211000001183	0.9154140000000187	0.9946284000000776	0.9999700999999884
0.16674832962138084	0.05058809999999349	0.27557220000000243	0.6655986000000305	0.9311203999999297	0.9960886000001069	0.9999842999999871
0.16828507795100223	0.045615399999998	0.2590765000000089	0.6450579999999705	0.9223726000000155	0.9950503999999835	0.9999729000000004
0.16982182628062362	0.04131369999999569	0.24369079999998725	0.6257663000000012	0.9135307000001088	0.9939664999999894	0.999957499999999
0.17135857461024498	0.03758180000000294	0.22983229999998186	0.6075059999999599	0.9046800000000135	0.99272700000004	0.9999393999999966
0.17289532293986637	0.03448489999999461	0.21739859999998234	0.5903371999999665	0.8958659999999601	0.9914276999999753	0.999912400000012
0.17443207126948776	0.031580300000000144	0.20635270000003458	0.5743919999999895	0.8873359999999367	0.990030799999976	0.9998826000000125
0.17596881959910912	0.029319699999998925	0.19675320000000257	0.5596962000000657	0.8791767999999617	0.9886583999999681	0.9998450999999804
0.1775055679287305	0.027250199999999534	0.18794889999999562	0.5461486000000048	0.8715516999999984	0.9872835999999372	0.9998033999999959
0.1790423162583519	0.025558800000002106	0.18041029999998995	0.5341776000000638	0.8645921000000951	0.985878599999918	0.9997637000000179
0.18057906458797326	0.024187899999999353	0.1740639999999936	0.5240790000000763	0.8580313000000189	0.9845696000000095	0.9997201999999905
0.18211581291759465	0.022992900000002203	0.16862730000000148	0.5151369000000018	0.8521728999998718	0.9834510999999345	0.9996717000000236
0.18365256124721605	0.022094899999998627	0.16385309999999648	0.5071153999999964	0.8473454000001027	0.9823794000001552	0.999631100000005
0.1851893095768374	0.021291900000001154	0.16016310000000292	0.500448299999952	0.8431490000001297	0.9814367000000735	0.999602799999987
0.1867260579064588	0.020867300000000064	0.1574436999999928	0.4960701000000025	0.8398135999999381	0.9807383999999909	0.9995842000000035
0.1882628062360802	0.020274399999998086	0.15556169999998568	0.4925159999999845	0.8375349999999933	0.9802650000000394	0.9995547999999818
0.18979955456570155	0.020124700000000814	0.15440379999997084	0.49022299999998925	0.8362002000000138	0.979889299999996	0.9995310000000073
0.19133630289532294	0.020039200000002286	0.1539750999999843	0.49015140000005114	0.8356662000000677	0.9798722999999879	0.9995470999999978
0.19287305122494433	0.020117099999997664	0.1542682000000009	0.4902752000000618	0.8362607000000656	0.9798958000000325	0.9995518999999744
0.1944097995545657	0.020441400000000394	0.1555590999999968	0.49250219999997735	0.8376482000000851	0.9802970999999772	0.999555499999952
0.19594654788418708	0.020743500000001344	0.15750219999999077	0.49587290000000145	0.8400320000000877	0.9809221000000033	0.9995949999999879
0.19748329621380847	0.021307200000001997	0.16019449999997412	0.5001560000000339	0.8432421999999797	0.9816127999999971	0.9996294999999988
0.19902004454342984	0.022060200000000144	0.16357960000000912	0.5068704000000545	0.8473124000000305	0.9825258000000558	0.9996574999999832
0.20055679287305123	0.023003699999999305	0.1679651000000209	0.513623700000113	0.8522323000000073	0.9836927999999565	0.9996989999999903
0.20209354120267262	0.02421650000000225	0.17318419999998433	0.5226356999999313	0.8576372000000055	0.9848871999999838	0.9997518000000168
0.20363028953229398	0.025445399999997627	0.1797381999999817	0.5328359999999465	0.8640156999998404	0.9861699999999192	0.9997726999999794
0.20516703786191537	0.027111999999999685	0.18657849999998843	0.5438684999999548	0.8708111000000663	0.98741909999997	0.9998309999999999
0.20670378619153676	0.029021000000002628	0.19469040000003515	0.5563564000000564	0.8781983999999822	0.9887807999999957	0.9998660999999728
0.20824053452115812	0.031216499999999647	0.20350049999999048	0.5699982999999397	0.8860201999998862	0.9901478000000362	0.9998948000000003
0.2097772828507795	0.033751999999996805	0.21378790000000603	0.5850855000000101	0.8941135000000386	0.9914820999999858	0.9999211000000141
0.2113140311804009	0.0366806000000051	0.2253487000000014	0.6007721999999943	0.9022857999999303	0.9927453999999871	0.9999479000000006
0.21285077951002226	0.0399995000000024	0.23777239999997574	0.6179381000001326	0.9108231000000314	0.9939269999999715	0.9999620000000032
0.21438752783964365	0.043971099999996245	0.25173320000000843	0.6358603000000883	0.9193395000000318	0.9950417000000785	0.9999750000000127
0.21592427616926504	0.04824269999999827	0.2668173999999414	0.6546588000000151	0.9274401999999615	0.9959527000000115	0.9999830999999897
0.2174610244988864	0.053169499999995866	0.28311310000001066	0.6737888000000196	0.9357154999999583	0.9968191000000456	0.9999895000000113
0.2189977728285078	0.05895500000000219	0.3014389999999617	0.6940401000000879	0.943562900000117	0.9975746000000201	0.9999946999999666
0.2205345211581292	0.06552149999999704	0.32027199999997846	0.7145606999999893	0.9509782000000452	0.9981787999999411	0.9999968000000113
0.22207126948775055	0.07285130000000702	0.34125499999994374	0.7354622000000576	0.9579711999999507	0.9986593999999792	0.9999982999999667
0.22360801781737194	0.07107099999998652	0.3361821999999893	0.7303056999998195	0.9563388999999612	0.9985601000000418	0.9999980999999956
0.22514476614699333	0.0684840999999986	0.32901740000000196	0.7230930000000507	0.9537605000000022	0.998385799999952	0.9999974000000195
0.2266815144766147	0.06632660000000744	0.3223116000000033	0.7160855999999565	0.9514557999999941	0.9982018999999549	0.9999968000000167
0.22821826280623608	0.06413120000000114	0.3154376999999735	0.7093608000000963	0.9490896000000096	0.9980208000000452	0.9999966000000159
0.22975501113585747	0.06218360000000327	0.3099272999999753	0.7032452999999987	0.9468578999998587	0.9978212000000409	0.9999966000000294
0.23129175946547884	0.06039420000000668	0.3046769000000226	0.6974295000000323	0.94474049999989	0.9976727999999525	0.9999938999999961
0.23282850779510023	0.059039700000004636	0.2998718999999856	0.6920626999999581	0.9425229999999438	0.9975261000000397	0.9999937999999988
0.23436525612472162	0.05768589999999517	0.29544600000000126	0.6870291999999351	0.9408631000000298	0.9973477999999761	0.9999925000000024
0.23590200445434298	0.05629130000000377	0.2917464999999752	0.6830680999999679	0.9391801000000517	0.9971763000000593	0.999991799999987
0.23743875278396437	0.05521209999999664	0.2882684999999844	0.6787840000000915	0.9376113000000551	0.9970458999999786	0.9999918000000024
0.23897550111358576	0.054467299999998504	0.28541410000003775	0.6756888000000068	0.9361794999999116	0.9969351000000172	0.9999913000000009
0.24051224944320712	0.05372669999999937	0.2827566999999721	0.6724936000001075	0.9350898000000791	0.99680380000014	0.9999893999999889
0.2420489977728285	0.0530058999999983	0.28083950000001645	0.6702462999999784	0.9341651999999613	0.9967282000000005	0.9999905000000087
0.2435857461024499	0.052572399999999755	0.27916400000002145	0.6681298000000171	0.9332509000000027	0.9966349000000054	0.9999909999999961
0.24512249443207126	0.0522458999999978	0.27812659999996275	0.6668551000000422	0.9328632999999182	0.9966067999999638	0.9999875000000064
0.24665924276169265	0.05207839999999354	0.2774277000000017	0.6660865000000076	0.9323882000000557	0.9965624000000056	0.9999876000000011
0.24819599109131404	0.051952599999996546	0.27713500000001035	0.6655185000000077	0.9323388000000339	0.9965643999999191	0.9999889000000072
0.2497327394209354	0.05196330000000327	0.2773146999999959	0.6657962999999824	0.9324229999999402	0.9965788000000588	0.9999879000000073
0.2512694877505568	0.05213539999999771	0.27773510000000895	0.6664945000000291	0.9327302999999537	0.9966510999999729	0.9999893000000007
0.25280623608017816	0.05245970000000005	0.27863209999998273	0.6675960000000281	0.9332950999999529	0.9966787000001051	0.9999882999999925
0.2543429844097996	0.05294540000000273	0.2802670000000174	0.6693062000000164	0.9339477000000147	0.9967680999999954	0.9999896999999959
0.25587973273942094	0.05354380000000208	0.2819298000000293	0.6715187999999418	0.9349372000000103	0.9968520999999845	0.999989800000016
0.2574164810690423	0.0541996000000028	0.28444239999994414	0.6740299999999625	0.9360259000001091	0.9969855999999963	0.9999925999999866
0.2589532293986637	0.05499039999999768	0.2868149999999653	0.6772405000000095	0.937234199999857	0.9971189000000131	0.9999925999999905
0.2604899777282851	0.05603139999999136	0.2901955000000216	0.6808978000000439	0.9387956000000195	0.9972335000000402	0.9999925000000066
0.26202672605790644	0.05726630000000772	0.29365590000001024	0.6848685000001095	0.9404846000000918	0.99742099999996	0.999994900000032
0.26356347438752786	0.058566700000002934	0.29755790000000065	0.6894443999999851	0.9423745000000598	0.9975907999999729	0.9999941999999897
0.2651002227171492	0.06003329999999817	0.30220770000000496	0.6947364000000531	0.9442924000001146	0.9977287000000383	0.9999952999999824
0.2666369710467706	0.06178550000000031	0.30720009999995795	0.7000184000000016	0.946331300000016	0.9978941000000003	0.9999963999999794
0.268173719376392	0.06352419999999359	0.3125577000000351	0.7058273000000316	0.9485445999999687	0.9981075999999736	0.9999968000000002
0.26971046770601337	0.06552680000000073	0.3185105000000213	0.7122459000000697	0.9508246999999659	0.9982609000000372	0.9999973999999985
0.27124721603563473	0.06759949999998945	0.3246416999999658	0.7186367999998448	0.953324099999895	0.9984578999999983	0.9999984000000042
0.27278396436525615	0.07002330000000481	0.331596500000067	0.7259714999999942	0.9556704999999851	0.9986155000000347	0.9999988999999745
0.2743207126948775	0.07247070000000633	0.33895540000006186	0.7330950000000613	0.9581584999998833	0.9987685000000003	0.9999992000000231
0.2758574610244989	0.07561129999999497	0.3467313999999941	0.7413481000000248	0.9605543999999908	0.9989157999999422	0.9999993000000174
0.2773942093541203	0.0785276999999986	0.3554031000000169	0.7493779999999225	0.9632545000001667	0.9990783000000047	0.9999995999999062
0.27893095768374165	0.08198800000000281	0.3639173999999609	0.7575589000001356	0.965802499999976	0.9992019999999715	0.9999991999999761
0.280467706013363	0.08556949999999502	0.37342070000000993	0.7661918999999975	0.9683385000000534	0.9993287999999836	0.9999994999999585
0.28200445434298443	0.0895293000000077	0.38339929999999156	0.7753125000000833	0.9708040000000261	0.9994256999999942	1.0
0.2835412026726058	0.09359309999999703	0.3939901999999981	0.7841496999999881	0.9733445999998649	0.999519099999961	0.999999899999732
0.28507795100222716	0.09839580000000393	0.4046209000000071	0.7934649999999595	0.9756077999999349	0.999614799999949	1.0
0.2866146993318486	0.1032074000000013	0.4162500000000041	0.8027741999999093	0.9778789000000604	0.9996774999999511	1.0
0.28815144766146994	0.10860310000000116	0.4281492999999969	0.8125563000000047	0.9800377000000365	0.9997406000000093	1.0
0.2896881959910913	0.1141632999999973	0.4406653999999835	0.8220888000001073	0.9821694000000984	0.9998027999999981	1.0
0.2912249443207127	0.12020980000000514	0.45387719999996623	0.8316353000000076	0.9841616999998976	0.9998420999999671	1.0
0.2927616926503341	0.1267400999999977	0.4675256999999915	0.841255999999906	0.9860100000000822	0.9998882000000111	1.0
0.29429844097995544	0.13360549999999038	0.48115319999998185	0.8508021999999094	0.9877341000000639	0.9999126999999877	1.0
0.29583518930957686	0.14093669999999658	0.49572920000000253	0.8604446999999962	0.9894698999999533	0.999931900000024	1.0
0.2973719376391982	0.1490262999999753	0.5108058999999806	0.8697457999999784	0.9908782999999898	0.9999505999999961	1.0
0.2989086859688196	0.15756049999995952	0.525937700000122	0.8792209999999887	0.9922284000001006	0.999966300000008	1.0
0.300445434298441	0.1664597000000175	0.5416032999999413	0.8880588000000397	0.9934729000000049	0.9999762999999985	1.0
0.30198218262806237	0.17608930000000014	0.5580380000000427	0.8970544999999468	0.9944907000001109	0.9999845999999953	1.0
0.30351893095768373	0.18597410000001582	0.5742303999999747	0.9054924000000873	0.9954632000000816	0.9999897999999962	1.0
0.30505567928730515	0.1967988000000161	0.5911031999999717	0.9138917999999093	0.996274599999937	0.9999925000000095	1.0
0.3065924276169265	0.20809930000001695	0.6081185000000328	0.9218341000000365	0.9970014999999619	0.9999969999999854	1.0
0.3081291759465479	0.2201790999999778	0.6253797000000553	0.9293687000000614	0.9975867000000573	0.9999972999999766	1.0
0.3096659242761693	0.2329438000000008	0.6426410000000031	0.9365897999999862	0.9981090000000531	0.9999988999998636	1.0
0.31120267260579065	0.24637620000000254	0.6603473000000424	0.9433465999998191	0.9985159999999509	0.9999991999999321	1.0
0.312739420935412	0.26042039999995736	0.6780283999999606	0.9499078999999767	0.9988655000000118	0.9999996999998342	1.0
0.31427616926503343	0.27528150000002033	0.695546500000122	0.9557455000000707	0.9991396000000851	0.9999998999997158	1.0
0.3158129175946548	0.29063030000005596	0.7131808000000729	0.9612334999999909	0.9993607999999843	0.9999998999997318	1.0
0.31734966592427616	0.3068153999999591	0.7306363999999409	0.9664278000000146	0.9995360999999537	1.0	1.0
0.3188864142538976	0.32398509999999375	0.7478701999999551	0.9711400000000705	0.9996658999999511	1.0	1.0
0.32042316258351894	0.3410935999999852	0.7649324999999748	0.9753276000000667	0.999767600000008	1.0	1.0
0.3219599109131403	0.3593602999999813	0.7818589000001328	0.9791626999999139	0.9998394999999869	1.0	1.0
0.3234966592427617	0.37819770000004044	0.7981761999999588	0.9825271999999484	0.9998914	1.0	1.0
0.3250334075723831	0.397653999999984	0.8139383999999852	0.9855317999999619	0.9999295000000002	1.0	1.0
0.32657015590200444	0.41751230000003703	0.8296562999999926	0.988171100000024	0.9999558999999927	1.0	1.0
0.32810690423162586	0.438461800000035	0.8445016999998893	0.9903427000000974	0.9999741000000084	1.0	1.0
0.3296436525612472	0.4594706000000207	0.8590264999999484	0.9923045000000187	0.9999837000000114	1.0	1.0
0.3311804008908686	0.48116980000000686	0.8726143999999841	0.9939409999999445	0.9999891999999911	1.0	1.0
0.33271714922049	0.5033392999999712	0.8858195000000081	0.9952678999998961	0.9999954000000097	1.0	1.0
0.33425389755011137	0.506780100000029	0.8858210000000142	0.9945285999999145	0.9999928999999965	1.0	1.0
0.33579064587973273	0.49481289999998573	0.8791616000000803	0.9938101000000016	0.9999894000000056	1.0	1.0
0.33732739420935415	0.4829458000000138	0.8720306000000613	0.993028200000055	0.9999863999999897	1.0	1.0
0.3388641425389755	0.4710599000000215	0.8651568000000619	0.9921486000000818	0.9999793999999984	1.0	1.0
0.3404008908685969	0.45977459999999637	0.8577548999999896	0.9911344999999432	0.9999750999999938	1.0	1.0
0.3419376391982183	0.44828030000000907	0.8500630000000153	0.9900672000000059	0.9999690000000045	1.0	1.0
0.34347438752783965	0.4370270000000016	0.8425978999999535	0.9889698999999951	0.9999583999999935	1.0	1.0
0.345011135857461	0.42595219999999	0.834866200000016	0.9876355000000185	0.9999456000000027	1.0	1.0
0.3465478841870824	0.4150954000000006	0.8266435999999869	0.9863775000000454	0.9999322999999977	1.0	1.0
0.3480846325167038	0.4042242000000139	0.8185118999999982	0.9849281999999849	0.9999139000000172	1.0	1.0
0.34962138084632516	0.393276600000016	0.8101705999998821	0.9834201999999422	0.9998857000000172	1.0	1.0
0.3511581291759465	0.38311839999998515	0.8018408000000639	0.9817872999999797	0.9998630000000021	1.0	1.0
0.35269487750556794	0.3726934999999933	0.7934395999999526	0.980076700000057	0.999833299999994	1.0	1.0
0.3542316258351893	0.36287039999998044	0.7845520999999736	0.9781768000000348	0.9997963000000307	1.0	1.0
0.35576837416481066	0.3530355000000109	0.776086200000043	0.9762969000000539	0.9997485000000231	1.0	1.0
0.3573051224944321	0.34322160000007274	0.766934899999974	0.9741404000000171	0.9996875999999666	1.0	1.0
0.35884187082405344	0.33338849999999254	0.7582298999999733	0.9720074000001604	0.999624899999977	1.0	1.0
0.3603786191536748	0.3244584999999793	0.7489315000000066	0.9696951000001033	0.9995578000000225	1.0	1.0
0.3619153674832962	0.31534989999997076	0.7399617999999046	0.9671744000000406	0.9994851000000116	1.0	1.0
0.3634521158129176	0.3064319000000174	0.7311014999999728	0.9647516000000409	0.9994032999999759	0.9999998999997155	1.0
0.36498886414253895	0.2977208000000165	0.721633500000073	0.9620981000000226	0.9992782999999619	0.9999998999997497	1.0
0.36652561247216037	0.28912569999998733	0.7124908000000472	0.9593163000000581	0.9991562999999801	1.0	1.0
0.36806236080178173	0.2806704000000219	0.7031626000000427	0.956396800000002	0.9990154000000183	0.9999996999999216	1.0
0.3695991091314031	0.272877600000004	0.6938571000000291	0.9533210999998982	0.9988656999999334	0.9999997999998891	1.0
0.3711358574610245	0.26465280000002045	0.6846653999999491	0.9501319000000723	0.9986999000000312	1.0	1.0
0.37267260579064587	0.2571893999999353	0.6754794999998548	0.9470123000000177	0.9985232999999989	0.9999992000000015	1.0
0.37420935412026723	0.24988030000000677	0.6661895999999486	0.9436191000000347	0.9983256999999685	0.9999992999999996	1.0
0.37574610244988865	0.2422891000000205	0.6569151999999312	0.9400762999998792	0.9980638000000178	0.9999993000000535	1.0
0.37728285077951	0.23551709999998563	0.6475569999999429	0.9365434000000168	0.9978001000001159	0.9999980999999865	1.0
0.3788195991091314	0.22820990000003213	0.6386642999999753	0.9329672999999584	0.9975368000000314	0.9999972999999852	1.0
0.3803563474387528	0.2216218000000216	0.6292575999999459	0.9291060000000166	0.9972332999999971	0.9999974999999898	1.0
0.38189309576837416	0.21529439999999278	0.6203768999999886	0.9251806000000736	0.9968940000000798	0.9999957999999792	1.0
0.3834298440979955	0.20913679999999155	0.6112535000000588	0.9212246000000411	0.9965407999999786	0.9999947999999952	1.0
0.38496659242761694	0.2029009999999907	0.6021174000000482	0.9172084999999731	0.9961389999999753	0.9999929000000116	1.0
0.3865033407572383	0.19703240000001543	0.5935690000000186	0.9130126000000183	0.9957042999999878	0.9999896000000092	1.0
0.38804008908685966	0.19119489999998823	0.5844542999999679	0.9086984000001148	0.9952726999999968	0.9999882999999999	1.0
0.3895768374164811	0.18566959999999855	0.5757371999999895	0.9044479999999495	0.9947906000000702	0.9999878000000035	1.0
0.39111358574610244	0.18003699999998996	0.5669221999999668	0.8999357999998698	0.994313800000006	0.9999827999999994	1.0
0.3926503340757238	0.17484290000002262	0.5586664000000385	0.8956449999999624	0.9937257000001493	0.9999766999999984	1.0
0.3941870824053452	0.16977710000000704	0.5498354000000133	0.8909775999999751	0.9931562999999879	0.9999744000000027	1.0
0.3957238307349666	0.16510200000000774	0.5413989000000335	0.8865073000000266	0.9925437999999461	0.9999657999999918	1.0
0.39726057906458795	0.16010610000000894	0.5334122999999411	0.8818095000000647	0.9918904999999504	0.999961400000001	1.0
0.39879732739420937	0.15570520000000698	0.5249675000000232	0.8770008000000264	0.9912493999999976	0.9999526000000161	1.0
0.40033407572383073	0.15122880000001399	0.5168512000000204	0.8721092999999784	0.9905174000000404	0.9999427000000047	1.0
0.4018708240534521	0.14663409999998603	0.5090595000000241	0.8674578999998986	0.9897435999998769	0.999932800000014	1.0
0.4034075723830735	0.1427456000000131	0.5014011999999685	0.8625799000000124	0.9889835000000401	0.999926000000008	1.0
0.40494432071269487	0.1388165999999993	0.49355279999993157	0.8576279999999706	0.9881878999999535	0.9999122000000121	1.0
0.40648106904231623	0.13470289999999324	0.48587640000004856	0.852821699999947	0.9873523999999649	0.9998922999999827	1.0
0.40801781737193765	0.13110610000000827	0.47863069999994373	0.8476251999999297	0.9863995000000957	0.9998757999999683	1.0
0.409554565701559	0.12738189999998745	0.47117400000001414	0.8429875000000356	0.9855877999999745	0.9998641999999798	1.0
0.4110913140311804	0.12390819999999267	0.4640439000000321	0.8380085999999474	0.984469900000071	0.9998370000000019	1.0
0.4126280623608018	0.12060669999999667	0.4570698999999855	0.8331201999999608	0.9835519999999848	0.9998093000000012	1.0
0.41416481069042316	0.11740609999999968	0.45010350000001526	0.8278600999999159	0.9825811999999664	0.9997925999999908	1.0
0.4157015590200445	0.11428169999998425	0.44348529999996117	0.8230319000000026	0.9815341999999956	0.9997673000000171	1.0
0.41723830734966594	0.11127930000000069	0.4365936000000151	0.8182030000000339	0.9804545999998875	0.9997262000000057	0.9999997999998772
0.4187750556792873	0.10837070000000626	0.4305049000000161	0.8131433999999296	0.9793352000000589	0.9997030000000219	1.0
0.42031180400890866	0.10570559999999853	0.42386080000005955	0.808360899999989	0.9782227000000264	0.99965420000001	0.9999996999998098
0.4218485523385301	0.1028714000000038	0.4176231999999745	0.8035164000000096	0.9770832999999904	0.9996237999999699	1.0
0.42338530066815144	0.10038009999998315	0.4117705000000138	0.7984921999999635	0.9758668999998498	0.9995725000000113	0.9999998999997278
0.4249220489977728	0.09781560000000172	0.4057158000000183	0.7938548999999717	0.9747473000000855	0.9995365000000324	0.9999998999997324
0.4264587973273942	0.09533770000000184	0.39998200000003076	0.7890620000000588	0.9735164999999284	0.9994905000000114	0.9999997999997866
0.4279955456570156	0.09312660000000064	0.3945244999999962	0.784223499999933	0.9723897000000056	0.9994250000000368	0.9999998999997325
0.42953229398663695	0.0908914000000018	0.3889405000000346	0.7794755000000244	0.9710493999999452	0.9993742999999627	0.9999998999996298
0.43106904231625837	0.0888625000000066	0.3836114999999599	0.7750606000000219	0.9698682000000497	0.9993147999999894	1.0
0.43260579064587973	0.08684609999999923	0.3784115000000408	0.7704280000000748	0.968484499999946	0.9992687000000172	0.9999995000000298
0.4341425389755011	0.08466919999999765	0.37333030000005674	0.7661981999999787	0.9672319999999668	0.9991944000000222	0.9999994999999242
0.4356792873051225	0.08289579999998456	0.3683919000000384	0.7615783999999649	0.9659300999999588	0.9991350999999694	0.999999299999983
0.43721603563474387	0.0811627000000026	0.3638171000000412	0.7569607999999984	0.9647200000000019	0.9990628999999867	0.9999989999999749
0.43875278396436523	0.0794028000000025	0.35912050000001283	0.7528080999999668	0.9633759999998943	0.9989913000000801	0.9999997999997835
0.44028953229398665	0.07770660000000891	0.3547384000000172	0.7485664000000004	0.9620561999999566	0.9989113000000612	0.9999994000000022
0.441826280623608	0.07620960000000357	0.350228999999959	0.744418599999966	0.9607853000000867	0.9988320999999571	0.9999986999999817
0.4433630289532294	0.07463060000000718	0.34650470000001404	0.7401800000000137	0.959564699999953	0.9987919999999771	0.9999977999999864
0.4448997772828508	0.07326769999999727	0.34185519999995195	0.7365937000000129	0.9582341000000238	0.9986941999999708	0.9999985999999693
0.44643652561247216	0.07191190000000612	0.3382665000000607	0.7323477999999718	0.9568955999998948	0.9985949999999676	0.9999980000000059
0.4479732739420935	0.07043170000000326	0.33432919999996774	0.7284899000000162	0.9556103000000802	0.998519999999998	0.9999983000000253
0.44951002227171494	0.0693916999999985	0.33065219999999457	0.7248650999999483	0.9545594999999311	0.9984215999999991	0.9999984999999832
0.4510467706013363	0.06809439999999174	0.3269878000000107	0.7211181000000172	0.9531377000000596	0.9983418999999738	0.9999979000000293
0.45258351893095766	0.06679510000000448	0.3234180999999306	0.7179033999999542	0.9520614999999838	0.9982621000000101	0.999997099999987
0.4541202672605791	0.0658417000000093	0.320364800000028	0.7140729999999266	0.9509852999999368	0.9981689000001313	0.999997500000001
0.45565701559020044	0.06471130000000158	0.31739399999997886	0.7109494999999526	0.9496922000000001	0.998079600000039	0.9999968999999832
0.4571937639198218	0.06360070000000252	0.3140949000000036	0.707825700000023	0.9485000999998836	0.9979872000000125	0.9999966000000163
0.4587305122494432	0.0625831000000065	0.31125219999999987	0.7047900999999742	0.9474336999999513	0.9979016000000651	0.9999959999999757
0.4602672605790646	0.061683800000002835	0.3085687000000383	0.7015264000000843	0.9463769999999275	0.9978044999998922	0.9999957999999788
0.46180400890868595	0.06092420000000189	0.3059854999999705	0.6988201999999186	0.9452708000000501	0.9977129999999992	0.999996099999973
0.46334075723830737	0.06013779999999861	0.3032827000000101	0.6960483000000973	0.9441375999999368	0.9976833999999155	0.9999961000000037
0.46487750556792873	0.059294500000002165	0.30073169999998617	0.6932082000000572	0.943146600000001	0.9975546999999205	0.9999953999999815
0.4664142538975501	0.0585814000000005	0.29878409999993444	0.6906873000000217	0.9422057000001227	0.9974728000000267	0.9999940999999787
0.4679510022271715	0.057973099999998765	0.2964615999999556	0.6883843999999669	0.9413241999999543	0.9973671999998831	0.9999941999999902
0.46948775055679287	0.05722020000000268	0.2945197000000004	0.6861147999999919	0.9404161000000781	0.9973028000000694	0.9999918999999952
0.47102449888641423	0.05671689999999665	0.29252579999997524	0.6840528999999829	0.9394394000000634	0.997240899999997	0.9999926999999953
0.47256124721603565	0.056105700000000605	0.2906914999999863	0.6818212999999725	0.9387499999999644	0.9971418000000167	0.9999916000000013
0.474097995545657	0.055598900000003004	0.28904870000000454	0.679872400000113	0.9380309000001382	0.9971227999999458	0.9999917000000008
0.4756347438752784	0.05505799999999801	0.28757270000005003	0.6780249999999881	0.9372291000000544	0.9970029000000391	0.9999907999999974
0.4771714922048998	0.05465149999999972	0.28605620000000376	0.6763234999999461	0.936557799999999	0.996963099999881	0.9999910000000096
0.47870824053452116	0.0542689000000081	0.2847281999999976	0.6746851999999348	0.9358521000000848	0.9968889999999446	0.9999924000000094
0.4802449888641425	0.053885700000004734	0.2834591000000257	0.6738079000000038	0.9355192000000644	0.9968885000000266	0.9999902999999927
0.48178173719376394	0.0534662999999956	0.2821047000000315	0.6717999000000136	0.9347145000001095	0.9968170000001405	0.9999887000000065
0.4833184855233853	0.05315039999999452	0.28150949999992786	0.6706191000000226	0.934375000000058	0.9967752000000055	0.999989600000016
0.48485523385300666	0.05297109999999612	0.2803841999999913	0.6697437000000095	0.933909900000008	0.9967289000000343	0.999989800000002
0.4863919821826281	0.052671799999999776	0.27967579999996034	0.6688529999999653	0.9336032000000358	0.9966871000000656	0.9999894000000109
0.48792873051224944	0.05255769999999954	0.27897380000003763	0.6677763000000955	0.9332772999999863	0.9966536000000021	0.9999902000000076
0.4894654788418708	0.052295600000000185	0.27814040000003415	0.6671730999999949	0.9328757999999884	0.9966289000000765	0.9999881000000043
0.4910022271714922	0.05225189999999459	0.2779152999999503	0.6662397000000726	0.9328615999999947	0.9966148999999824	0.9999895000000019
0.4925389755011136	0.052157600000003634	0.2775429000000379	0.6663015000000457	0.9325686000000424	0.9966023999999934	0.9999875000000015
0.49407572383073495	0.05211330000000575	0.2770558000000372	0.6656592999999824	0.932460600000015	0.9965793999999426	0.9999888999999897
0.49561247216035637	0.052071400000003897	0.2771246000000156	0.6658131000000124	0.9323181000001407	0.9965865999999987	0.9999858999999823
0.49714922048997773	0.05205489999999524	0.2769840999999104	0.6656208999999171	0.932304699999996	0.9965432999999564	0.9999881000000053
0.4986859688195991	0.05190239999999995	0.27728249999999527	0.6658385999999531	0.9323396999999193	0.9965455000000973	0.9999885000000079
0.5002227171492205	0.05203560000000003	0.27724780000004273	0.6658630000000149	0.9324494999999929	0.9966106999999848	0.9999883000000062
0.5017594654788419	0.051983599999999144	0.27766310000000843	0.6662600999999847	0.9325628000000012	0.996599000000042	0.9999880999999861
0.5032962138084632	0.05222689999999783	0.27762920000001773	0.6666337999999361	0.9327624000000837	0.9966109999999551	0.9999888999999991
0.5048329621380846	0.05243349999999666	0.2782931999999815	0.6672132999999992	0.9330633000000053	0.9966620000000223	0.9999875000000064
0.506369710467706	0.05268309999999914	0.2791492999999858	0.6679791000000027	0.9333082000000462	0.996698200000015	0.9999894999999902
0.5079064587973274	0.05280269999999483	0.27966589999998986	0.6687183000000272	0.9338613000000165	0.9967052000000591	0.9999884000000043
0.5094432071269488	0.05314879999999323	0.2803123000000219	0.6695553999999427	0.9342373999998871	0.9967971999999636	0.9999903000000071
0.5109799554565702	0.05339540000000036	0.28118369999998644	0.6706998999999572	0.9344836000000748	0.9968191000000048	0.9999893000000039
0.5125167037861915	0.0536429999999966	0.28264440000000496	0.6718888000000116	0.9352498999999534	0.9969029000000676	0.9999905999999927
0.5140534521158129	0.05407819999999634	0.2835109000000064	0.6732316999999987	0.9356590999999649	0.9969305999999003	0.9999906000000065
0.5155902004454342	0.05453859999999536	0.2849476000000162	0.6744268999999837	0.9363780999999908	0.9970065999999531	0.9999908999999982
0.5171269487750557	0.05481949999999932	0.28622560000001734	0.6762816999999453	0.9370093000000032	0.9971013999999709	0.9999928999999941
0.5186636971046771	0.055402200000002164	0.28763399999998635	0.6780268000001028	0.9376573000000226	0.9971587999999636	0.9999939999999999
0.5202004454342984	0.055913200000001675	0.28911690000002355	0.6796325999999308	0.9384838999999063	0.9971977999999877	0.9999919000000025
0.5217371937639198	0.05640859999999993	0.2908317000000059	0.6817436999999192	0.939261799999985	0.997291999999939	0.9999926999999929
0.5232739420935412	0.056994899999998294	0.29281449999998244	0.683921199999928	0.940080500000061	0.9973596000000029	0.99999229999999
0.5248106904231625	0.057612699999997734	0.29447459999995995	0.6859879000000079	0.9410094999999548	0.9974798000000349	0.999994099999996
0.526347438752784	0.05815289999999851	0.29648819999996456	0.6882849000000026	0.9418306999999588	0.9975541999999827	0.9999952000000106
0.5278841870824054	0.05898910000000369	0.2987867000000567	0.6907740000000727	0.9427811999999776	0.9976087000000688	0.9999941999999812
0.5294209354120267	0.0595659999999945	0.30096830000003477	0.693159100000068	0.9436803000000501	0.9977145999999981	0.9999959999999759
0.5309576837416481	0.06040069999999489	0.303338699999998	0.6960103000000123	0.9447068999999539	0.9977636000000488	0.9999942999999991
0.5324944320712695	0.06117369999999725	0.305978899999978	0.6985661000000536	0.9459035999999924	0.9978723999998423	0.9999954999999923
0.5340311804008908	0.0620387000000014	0.30851790000002377	0.7012651000000122	0.9468958999999977	0.99796569999998	0.9999961999999919
0.5355679287305123	0.06294279999999777	0.31112100000004894	0.7046023000000549	0.9480350999999734	0.9980442999999244	0.9999968
0.5371046770601337	0.0639082000000054	0.3140711000000047	0.7074544999999439	0.9490905999999938	0.9981118999999989	0.9999975999999917
0.538641425389755	0.0648800000000086	0.3169086000000048	0.7105436999999696	0.950215000000059	0.99820400000001	0.999998299999976
0.5401781737193764	0.06601920000000835	0.3196870000000108	0.7137466999999083	0.9513476000000336	0.9983199000000652	0.9999976999999983
0.5417149220489977	0.06696130000000455	0.3230563000000001	0.7171627000000728	0.9525749999999787	0.9983951000000232	0.9999980999999926
0.5432516703786191	0.0681855999999917	0.3265798000000338	0.7205107000000918	0.9537992000000555	0.9984945999999483	0.9999987999999664
0.5447884187082406	0.06941680000000282	0.3297450000000031	0.7242362000001058	0.955077599999978	0.9985519000000271	0.9999985999999619
0.5463251670378619	0.07062320000000455	0.33316140000000666	0.7277541000000485	0.9563562999998846	0.9986498000000236	0.9999990000000075
0.5478619153674833	0.07199919999999575	0.33707449999999367	0.7313193000000118	0.9575548999999945	0.9987333000000472	0.9999983999999604
0.5493986636971047	0.07322169999999659	0.3409394000000243	0.7354055000000065	0.9588169000000663	0.9988130999999892	0.9999988999999816
0.550935412026726	0.07480139999999684	0.3447532000000585	0.739300199999998	0.9601323000000281	0.9988879999999825	0.9999991999999562
0.5524721603563474	0.0761460999999985	0.3486999999999884	0.7431593000000144	0.9613837999999982	0.9989842999999923	0.9999992000000452
0.5540089086859689	0.07776209999998727	0.35295730000000486	0.7470553999998976	0.9625717999999135	0.9990237000000122	0.999999599999861
0.5555456570155902	0.07945069999999443	0.35746859999998754	0.751468100000123	0.9639632999999286	0.9990986000000203	0.9999992999999835
0.5570824053452116	0.08100319999999343	0.36182169999995767	0.7555701999999936	0.9651265999999562	0.9991664999999862	0.9999995999999481
0.558619153674833	0.08282599999998802	0.3665932000000016	0.7596274000000345	0.9664284999999359	0.9992173000000344	0.9999994000000597
0.5601559020044543	0.08473600000000364	0.37090870000002374	0.7642692000000286	0.9677264000000135	0.9992802000000195	0.9999996999999958
0.5616926503340757	0.08649590000000766	0.3759365000000526	0.768416500000002	0.9689493999999651	0.9993332000000309	0.9999998999996298
0.5632293986636971	0.08863919999999256	0.3807231000000681	0.7728930000000812	0.970183899999958	0.9994034000000264	0.9999997999997856
0.5647661469933185	0.09060449999999683	0.3859112999999571	0.7773835000000203	0.9714115000000053	0.9994563000000295	1.0
0.5663028953229399	0.09258009999999975	0.39129889999996903	0.7819455999999988	0.9725719999999147	0.9994950999999599	1.0
0.5678396436525612	0.0947814000000002	0.3963534000000476	0.7864190000000719	0.9738169000000396	0.9995580999999696	1.0
0.5693763919821826	0.09713359999999084	0.40187699999999793	0.7913612999999381	0.9750818000000169	0.9995859000000225	0.9999998999997121
0.570913140311804	0.09939859999999899	0.4074048999999954	0.7957239999999842	0.9762437999999416	0.9996322999999752	1.0
0.5724498886414254	0.10206490000000307	0.4134675999999636	0.8004580000000026	0.9773911999999828	0.999665099999964	1.0
0.5739866369710468	0.1044259999999928	0.41884889999997993	0.8053583000001295	0.9784450000000499	0.9996996000000058	1.0
0.5755233853006682	0.10721800000000828	0.42524219999998747	0.8099605999999666	0.9796118999999724	0.9997375999999729	1.0
0.5770601336302895	0.10981500000000494	0.4311971999999853	0.8148790000001148	0.9805970999999922	0.9997565000000134	1.0
0.5785968819599109	0.11273700000000524	0.43732160000000825	0.8195384000000305	0.9816764999999197	0.9997839000000218	1.0
0.5801336302895322	0.11563509999999598	0.44396219999999864	0.8245827000000446	0.9827313999999127	0.9998125000000018	1.0
0.5816703786191537	0.11865339999999923	0.4505347999999348	0.829284400000059	0.9837648999999771	0.9998356000000129	1.0
0.5832071269487751	0.12166340000000388	0.4571953999999859	0.8340594999999965	0.9845825999999531	0.9998544000000077	1.0
0.5847438752783964	0.12496210000000203	0.4635711000000342	0.839045100000004	0.985577000000013	0.9998678999999893	1.0
0.5862806236080178	0.1283716000000022	0.470770400000009	0.8437081999999592	0.986491099999892	0.9998894000000014	1.0
0.5878173719376392	0.13181490000001758	0.47762810000000266	0.8483715999999528	0.9874241000000179	0.9999014000000195	1.0
0.5893541202672605	0.1354601999999862	0.48485389999998235	0.8530840999998909	0.9882566999999324	0.9999180999999928	1.0
0.590890868596882	0.1390610999999944	0.491926399999976	0.8580435000000213	0.9889849000000107	0.9999307000000037	1.0
0.5924276169265034	0.14299350000000025	0.499302499999983	0.8626838000000233	0.9898423000000397	0.9999392000000072	1.0
0.5939643652561247	0.1469146999999994	0.5069962999999702	0.8674983999999305	0.9905077000000271	0.9999427000000043	1.0
0.5955011135857461	0.15094319999998168	0.514498299999971	0.8721292000000697	0.9911992000000601	0.9999546000000199	1.0
0.5970378619153675	0.15526570000001233	0.5221398999999508	0.8768488000000026	0.9918669999999993	0.9999664999999999	1.0
0.5985746102449888	0.15963570000000193	0.5296686000000266	0.8813050000000393	0.9925527999999908	0.9999691000000004	1.0
0.6001113585746103	0.16402570000003558	0.5377584000000284	0.885820699999977	0.9931411999999998	0.9999749999999964	1.0
0.6016481069042316	0.1687327999999672	0.5456428999999976	0.8902754999999073	0.9936962999999648	0.9999756000000134	1.0
0.603184855233853	0.17363950000000775	0.553873100000068	0.8948686999999702	0.9942420999999708	0.9999836000000132	1.0
0.6047216035634744	0.1784615000000027	0.5617992000000047	0.8992295999999814	0.9947530000000775	0.9999857000000119	1.0
0.6062583518930957	0.1835382999999898	0.5701298999999375	0.9033611000000412	0.995181900000032	0.9999875999999985	1.0
0.6077951002227171	0.18879540000001444	0.5784664999999852	0.9076209999999414	0.9956538999999832	0.999990000000009	1.0
0.6093318485523386	0.19428779999998982	0.5869105999999376	0.9117514999999651	0.9960898999999581	0.999992999999989	1.0
0.6108685968819599	0.19964479999997967	0.5953851999999977	0.9157954999999942	0.9964622999999613	0.9999948999999965	1.0
0.6124053452115813	0.20531920000001852	0.6035404999999457	0.9198116000000693	0.9968421999999855	0.9999955999999904	1.0
0.6139420935412027	0.21130800000000635	0.6120976999999507	0.9237265000000271	0.997173399999912	0.999996300000019	1.0
0.615478841870824	0.21707390000001447	0.6208709000000818	0.9275099000000825	0.9974445999999393	0.9999978999999978	1.0
0.6170155902004454	0.22333859999999106	0.6294827999999022	0.9310845000000528	0.9977217999999268	0.9999982000000209	1.0
0.6185523385300669	0.22983390000002987	0.6383844999999863	0.9348938000000088	0.997979100000097	0.9999984999999566	1.0
0.6200890868596882	0.23627000000000675	0.647393400000015	0.9381856999999151	0.9981820000000349	0.9999987999999684	1.0
0.6216258351893096	0.24295780000001096	0.6558076999999414	0.941774099999921	0.9984191999999537	0.999998999999972	1.0
0.623162583518931	0.2500139000000223	0.664721299999964	0.945038499999963	0.9985931000000305	0.9999994999998816	1.0
0.6246993318485523	0.2566340000000284	0.6734344999999827	0.948128299999954	0.9987950000000182	0.9999996999999426	1.0
0.6262360801781737	0.26429110000002604	0.6821995000000481	0.9513491000000045	0.9989607999999793	0.9999994999998892	1.0
0.6277728285077951	0.2713822000000109	0.6911185000000009	0.9542633999999607	0.9990618999999902	1.0	1.0
0.6293095768374165	0.27892729999997923	0.699864999999961	0.9572907000001737	0.9992001000000216	1.0	1.0
0.6308463251670379	0.2868722999999844	0.7086184999999472	0.9600913000000117	0.9993167000000259	0.9999997999998571	1.0
0.6323830734966592	0.29471850000003724	0.7173042000000172	0.9627093000000884	0.9994083000000368	0.9999998999996317	1.0
0.6339198218262806	0.3027409999999844	0.7260806999999444	0.9652091000000642	0.9995029000000298	1.0	1.0
0.635456570155902	0.31076340000002445	0.7346874000000576	0.9676535000000168	0.9995715999999961	1.0	1.0
0.6369933184855234	0.3192462999999739	0.743399700000045	0.9700168999999805	0.9996415000000153	1.0	1.0
0.6385300668151448	0.3278727999999878	0.7521266000000286	0.9722377999998233	0.999697900000006	1.0	1.0
0.6400668151447662	0.3366945999999572	0.7606495999999554	0.9742302999999989	0.999750400000038	1.0	1.0
0.6416035634743875	0.3456476999999829	0.7690807000000819	0.9763704999999009	0.9997858000000184	1.0	1.0
0.6431403118040089	0.35468160000002763	0.7774079000001035	0.9782284999999069	0.9998200000000145	1.0	1.0
0.6446770601336302	0.36384670000001906	0.7856094999999891	0.9799911999999952	0.9998494999999955	1.0	1.0
0.6462138084632517	0.37340610000001045	0.7939791000001419	0.9817597999999582	0.9998869000000036	1.0	1.0
0.6477505567928731	0.3829481000000367	0.8021625000000273	0.9833092000000111	0.9999054999999921	1.0	1.0
0.6492873051224944	0.39262360000003116	0.810364200000041	0.984832100000078	0.9999214999999856	1.0	1.0
0.6508240534521158	0.4024775999999659	0.8180397000000015	0.9862615000001219	0.9999338999999994	1.0	1.0
0.6523608017817372	0.4127377000000309	0.8259980000000138	0.9874982000000876	0.999946100000003	1.0	1.0
0.6538975501113585	0.42309270000000704	0.8331419000000254	0.9887087999999403	0.9999633999999946	1.0	1.0
0.65543429844098	0.4332672999999731	0.840878099999963	0.9898240999998968	0.9999672000000169	1.0	1.0
0.6569710467706014	0.44359629999995326	0.8481752999999361	0.9908910999999876	0.9999748000000125	1.0	1.0
0.6585077951002227	0.4540917000000339	0.8552876000001276	0.9918495000000335	0.9999841000000015	1.0	1.0
0.6600445434298441	0.4648625999999893	0.862402399999986	0.9927095999999123	0.9999854000000086	1.0	1.0
0.6615812917594655	0.47571620000000536	0.8692153999999247	0.9935665999999229	0.9999862999999977	1.0	1.0
0.6631180400890868	0.48641620000004765	0.8759162000000251	0.9942735999999474	0.9999923999999939	1.0	1.0
0.6646547884187083	0.49761500000002934	0.8824833999998545	0.9949520999999966	0.9999933999999825	1.0	1.0
0.6661915367483296	0.5087085999999638	0.8888702999999774	0.9955339000000312	0.9999965000000287	1.0	1.0
0.667728285077951	0.5121736000000527	0.8907921999999991	0.9957259000000561	0.9999960999999999	1.0	1.0
0.6692650334075724	0.5122347000000059	0.8907793000000103	0.9957284000000779	0.9999965000000478	1.0	1.0
0.6708017817371937	0.5121210000000183	0.8908845000001121	0.9957449000000729	0.9999965999999967	1.0	1.0
0.6723385300668151	0.5120754000000368	0.8906139000000037	0.9956865999999851	0.9999960999999838	1.0	1.0
0.6738752783964366	0.5120299000000612	0.8906214000001311	0.995727899999936	0.9999969999999825	1.0	1.0
0.6754120267260579	0.5122119000000174	0.8907396999999836	0.9957903000000434	0.999994800000005	1.0	1.0
0.6769487750556793	0.5118904999999143	0.8907077999999946	0.9957748000000024	0.9999960999999606	1.0	1.0
0.6784855233853007	0.5123431000000404	0.8907129000000539	0.9957550000000144	0.9999966000000109	1.0	1.0
0.680022271714922	0.5119936000000201	0.890773200000134	0.9957427000000306	0.9999966000000108	1.0	1.0
0.6815590200445434	0.5118969000000221	0.890736799999987	0.9957235999999396	0.9999962000000145	1.0	1.0
0.6830957683741649	0.5121853999999175	0.890881800000003	0.9957241000000254	0.9999972999999719	1.0	1.0
0.6846325167037862	0.5123992999999464	0.8908543999999678	0.9957513999999656	0.9999956999999979	1.0	1.0
0.6861692650334076	0.5122210999998961	0.8907504000001119	0.9957350999999772	0.9999956999999805	1.0	1.0
0.687706013363029	0.5121181999999559	0.8908595999999587	0.9957256999999196	0.9999952999999938	1.0	1.0
0.6892427616926503	0.512009900000067	0.8908395999999503	0.9957283000000378	0.9999971999999822	1.0	1.0
0.6907795100222717	0.5121549999999747	0.8907355000000552	0.9957649000000225	0.9999961999999903	1.0	1.0
0.6923162583518931	0.5120779000000272	0.890725599999921	0.9957047000000675	0.9999955999999726	1.0	1.0
0.6938530066815145	0.511932999999983	0.8907310999999949	0.9957521000000462	0.9999961999999937	1.0	1.0
0.6953897550111359	0.5121989999999986	0.8906679000000199	0.9957498999999478	0.999995999999989	1.0	1.0
0.6969265033407572	0.5121616000000637	0.8907898000000517	0.9957195000000393	0.9999961999999979	1.0	1.0
0.6984632516703786	0.5122879000000566	0.8906148000001012	0.9957068000001359	0.9999953999999879	1.0	1.0
0.7	0.5121683999999201	0.8908290000000175	0.9957330000001471	0.9999958999999802	1.0	1.0
