1.05	0.0	0.01	0.02	0.03	0.04	0.05
0.01	0.0	0.0	0.0	0.0	0.0	0.0
0.01153674832962138	0.0	0.0	0.0	0.0	0.0	0.0
0.013073496659242761	0.0	0.0	0.0	0.0	0.0	0.0
0.014610244988864143	0.0	0.0	0.0	0.0	0.0	0.0
0.016146993318485525	0.0	0.0	0.0	0.0	0.0	0.0
0.017683741648106904	0.0	0.0	0.0	0.0	0.0	0.0
0.019220489977728284	0.0	0.0	0.0	0.0	0.0	0.0
0.020757238307349667	0.0	0.0	0.0	0.0	0.0	0.0
0.022293986636971047	0.0	0.0	0.0	0.0	0.0	0.0
0.023830734966592427	0.0	0.0	0.0	0.0	0.0	0.0
0.02536748329621381	0.0	0.0	0.0	0.0	0.0	0.0
0.02690423162583519	0.0	0.0	0.0	0.0	0.0	0.0
0.02844097995545657	0.0	0.0	0.0	0.0	0.0	0.0
0.02997772828507795	0.0	0.0	0.0	0.0	0.0	0.0
0.03151447661469933	0.0	0.0	0.0	0.0	0.0	0.0
0.033051224944320716	0.0	0.0	0.0	0.0	0.0	0.0
0.03458797327394209	0.0	0.0	0.0	0.0	0.0	0.0
0.036124721603563476	0.0	0.0	0.0	0.0	0.0	0.0
0.03766146993318485	0.0	0.0	0.0	0.0	0.0	0.0
0.039198218262806235	0.0	0.0	0.0	0.0	0.0	0.0
0.04073496659242762	0.0	0.0	0.0	0.0	0.0	0.0
0.042271714922048995	0.0	0.0	0.0	0.0	0.0	7.000000000000508e-7
0.04380846325167038	0.0	0.0	0.0	0.0	0.0	7.999999999999869e-7
0.04534521158129176	0.0	0.0	0.0	0.0	0.0	1.100000000000167e-6
0.04688195991091314	0.0	0.0	0.0	0.0	0.0	3.199999999999984e-6
0.04841870824053452	0.0	0.0	0.0	0.0	0.0	4.500000000000946e-6
0.049955456570155904	0.0	0.0	0.0	0.0	0.0	1.1899999999998527e-5
0.05149220489977728	0.0	0.0	0.0	0.0	0.0	2.4200000000002872e-5
0.05302895322939866	0.0	0.0	0.0	0.0	0.0	3.570000000000423e-5
0.05456570155902005	0.0	0.0	0.0	0.0	9.999999999999518e-8	6.929999999999602e-5
0.05610244988864142	0.0	0.0	0.0	0.0	1.9999999999999025e-7	0.00012459999999999387
0.057639198218262806	0.0	0.0	0.0	0.0	3.99999999999968e-7	0.00014130000000001414
0.05917594654788419	0.0	0.0	0.0	0.0	7.999999999999317e-7	0.0001975000000000312
0.060712694877505566	0.0	0.0	0.0	0.0	1.9999999999999745e-6	0.0003466000000000429
0.06224944320712695	0.0	0.0	0.0	0.0	3.5000000000001986e-6	0.00040170000000005606
0.06378619153674833	0.0	0.0	0.0	0.0	5.7000000000001995e-6	0.0005665999999999316
0.06532293986636971	0.0	0.0	0.0	0.0	1.5700000000000493e-5	0.0009358000000000123
0.06685968819599108	0.0	0.0	0.0	0.0	4.550000000000295e-5	0.0015853999999998517
0.06839643652561248	0.0	0.0	0.0	0.0	4.3799999999995013e-5	0.0015120000000000112
0.06993318485523385	0.0	0.0	0.0	0.0	5.240000000000054e-5	0.001610100000000026
0.07146993318485523	0.0	0.0	0.0	0.0	7.019999999999508e-5	0.002004599999999936
0.07300668151447662	0.0	0.0	0.0	0.0	0.000128000000000019	0.0027416000000000515
0.074543429844098	0.0	0.0	0.0	2.999999999999441e-7	0.00019680000000001156	0.0035863999999996028
0.07608017817371937	0.0	0.0	0.0	0.0	0.00022029999999999598	0.0038067000000000274
0.07761692650334076	0.0	0.0	0.0	5.000000000000001e-7	0.0002704999999999717	0.0042981000000003045
0.07915367483296214	0.0	0.0	0.0	9.999999999999917e-7	0.0004158999999999748	0.005425099999999881
0.08069042316258351	0.0	0.0	0.0	3.7999999999993898e-6	0.0006842999999999682	0.007296200000001013
0.0822271714922049	0.0	0.0	0.0	1.1600000000000556e-5	0.0012280999999999035	0.01048259999999922
0.08376391982182628	0.0	0.0	0.0	2.5800000000000647e-5	0.0020367999999998123	0.013395800000000126
0.08530066815144766	0.0	0.0	0.0	1.950000000000344e-5	0.0017343000000000594	0.012361999999998763
0.08683741648106905	0.0	0.0	0.0	1.9300000000002468e-5	0.0016417000000000165	0.01202699999999956
0.08837416481069042	0.0	0.0	0.0	1.9999999999996824e-5	0.0017107000000001064	0.012374200000000288
0.0899109131403118	0.0	0.0	0.0	2.7400000000001818e-5	0.0019466999999998812	0.013391499999998384
0.09144766146993319	0.0	0.0	0.0	4.2900000000003916e-5	0.0024091000000000294	0.015211799999999909
0.09298440979955457	0.0	0.0	0.0	7.940000000000892e-5	0.003198800000000494	0.018146999999999087
0.09452115812917594	0.0	0.0	0.0	0.00015640000000001524	0.004582699999998884	0.02241499999999928
0.09605790645879733	0.0	0.0	0.0	0.0002066999999999971	0.005332400000000076	0.024643800000000493
0.09759465478841871	0.0	0.0	0.0	0.0002092999999999974	0.005148799999999691	0.024431400000002563
0.09913140311804008	0.0	0.0	0.0	0.00023119999999998898	0.005489399999998782	0.025179800000000765
0.10066815144766147	0.0	0.0	0.0	0.00027559999999997585	0.006032599999999818	0.02678470000000133
0.10220489977728285	0.0	0.0	0.0	0.00037699999999995067	0.006939999999999069	0.02931460000000199
0.10374164810690423	0.0	0.0	0.0	0.0005394999999999828	0.00848839999999832	0.033284099999999754
0.10527839643652562	0.0	0.0	9.99999999999982e-8	0.0008638999999999865	0.010794599999998974	0.03867379999999811
0.106815144766147	0.0	0.0	2.9999999999998167e-7	0.0014302000000000219	0.014347499999998861	0.04610830000000102
0.10835189309576837	0.0	0.0	1.1999999999999407e-6	0.0025102999999996873	0.01932869999999931	0.05599800000000238
0.10988864142538976	0.0	0.0	8.200000000000201e-6	0.004579799999999264	0.026827799999998903	0.06890400000000284
0.11142538975501114	0.0	0.0	2.5799999999997703e-5	0.006825500000000052	0.03495330000000074	0.07964330000000348
0.11296213808463251	0.0	0.0	1.5400000000000374e-5	0.00541259999999961	0.030775999999995342	0.0734871999999905
0.1144988864142539	0.0	0.0	8.199999999999644e-6	0.004544599999999735	0.02790810000000141	0.06899129999999197
0.11603563474387528	0.0	0.0	5.000000000000339e-6	0.00399279999999944	0.025866200000000207	0.0658202000000032
0.11757238307349666	0.0	0.0	5.299999999999813e-6	0.0037047000000003313	0.024649599999998478	0.06400959999999305
0.11910913140311805	0.0	0.0	4.599999999999884e-6	0.0035894999999999265	0.02415009999999989	0.06315959999998996
0.12064587973273942	0.0	0.0	4.59999999999987e-6	0.0036116000000001192	0.02431400000000279	0.06364000000000761
0.1221826280623608	0.0	0.0	4.499999999999468e-6	0.0038551000000002326	0.025196299999998718	0.0650196000000018
0.12371937639198219	0.0	0.0	6.600000000001104e-6	0.004323899999999882	0.02675499999999951	0.0678037000000032
0.12525612472160355	0.0	0.0	1.1099999999998804e-5	0.005072699999999488	0.029107500000000636	0.07161899999999831
0.12679287305122494	0.0	0.0	1.880000000000431e-5	0.006164500000000269	0.03252199999999486	0.0767851999999997
0.12832962138084633	0.0	0.0	3.709999999999529e-5	0.007725100000000755	0.03699770000000175	0.08357469999999358
0.1298663697104677	0.0	0.0	7.659999999998748e-5	0.010082000000001024	0.04289230000000047	0.09226369999999387
0.13140311804008908	0.0	0.0	0.00017249999999998758	0.013440199999999675	0.050759099999999543	0.10266490000000408
0.13293986636971047	0.0	0.0	0.0003845000000000661	0.018228199999999604	0.06057970000000212	0.11544739999998893
0.13447661469933184	0.0	0.0	0.00040669999999993703	0.018556899999999907	0.06103749999999596	0.11624079999999602
0.13601336302895323	0.0	0.0	0.00033989999999998647	0.017335799999998704	0.05860999999999283	0.11335679999999104
0.13755011135857462	0.0	0.0	0.0003039000000000408	0.016611200000000347	0.05708570000000515	0.11144630000000419
0.13908685968819598	0.0	0.0	0.0002858000000000364	0.016303100000000875	0.056492000000004136	0.11058090000000673
0.14062360801781737	0.0	0.0	0.0003040000000000155	0.016444400000004748	0.05647089999999236	0.11079430000000813
0.14216035634743876	0.0	0.0	0.00031079999999998164	0.016873900000000407	0.057351199999996855	0.11202920000000299
0.14369710467706012	0.0	0.0	0.00036419999999997915	0.017735200000000177	0.05901549999999304	0.11411819999999655
0.1452338530066815	0.0	0.0	0.0004351999999999761	0.019080900000002038	0.061710199999998154	0.11767829999999906
0.1467706013363029	0.0	0.0	0.0005547999999999296	0.02098569999999811	0.06514730000000211	0.12209460000000204
0.14830734966592427	0.0	0.0	0.0007422000000001027	0.02350590000000213	0.06975390000000203	0.12759499999995166
0.14984409799554566	0.0	0.0	0.0010133999999999363	0.02693820000000175	0.07549859999999362	0.13458569999999825
0.15138084632516705	0.0	0.0	0.0014434999999999698	0.03121349999999809	0.08262329999999529	0.1427064999999919
0.1529175946547884	0.0	0.0	0.002206399999999771	0.03663629999999954	0.09115539999998731	0.15240259999997077
0.1544543429844098	0.0	0.0	0.0032951999999999756	0.04395820000000096	0.10153930000001167	0.16390500000001562
0.1559910913140312	0.0	0.0	0.005072099999999749	0.05290170000000012	0.11366910000000763	0.17685610000000734
0.15752783964365255	0.0	0.0	0.007907399999999646	0.06415359999999057	0.12825730000000526	0.19176360000000775
0.15906458797327394	0.0	0.0	0.012282300000000298	0.0784432999999951	0.14527170000000703	0.20893659999998143
0.16060133630289533	0.0	2.999999999999901e-7	0.019136599999998335	0.09606610000000608	0.16494759999998487	0.22802109999998388
0.1621380846325167	0.0	8.399999999999769e-6	0.029766599999999595	0.1176862000000001	0.18796019999998867	0.2493264000000274
0.16367483296213808	0.0	9.299999999999379e-5	0.045294000000005066	0.14419570000001752	0.21471190000001988	0.27322960000003477
0.16521158129175947	0.0	0.0006687000000000561	0.0682200999999903	0.1761479999999847	0.24437769999997958	0.29925880000000094
0.16674832962138084	0.0	0.0035835000000000745	0.09904169999999171	0.20920810000000514	0.274993499999984	0.3237396000000251
0.16828507795100223	0.0	0.0016013999999999226	0.08170080000000911	0.18994679999999195	0.25795579999998147	0.3091967000000082
0.16982182628062362	0.0	0.0006871000000000534	0.06741730000000608	0.17277509999999657	0.24253630000000026	0.29577149999998253
0.17135857461024498	0.0	0.0002923999999999843	0.056163400000003166	0.15788019999999284	0.22880319999999835	0.2837525999999951
0.17289532293986637	0.0	0.00011390000000000425	0.04680410000000054	0.14465020000001058	0.21599999999999708	0.27262619999999316
0.17443207126948776	0.0	4.8199999999994836e-5	0.03946029999999895	0.13313940000001978	0.20489109999999697	0.2627027999999707
0.17596881959910912	0.0	1.850000000000167e-5	0.03346070000000131	0.12316379999999742	0.19496019999999542	0.2538200999999541
0.1775055679287305	0.0	7.2999999999997785e-6	0.02873130000000217	0.1145670000000028	0.18626920000001324	0.2457068000000169
0.1790423162583519	0.0	2.800000000000048e-6	0.024922100000002022	0.10743709999998989	0.17878620000000756	0.23880840000000264
0.18057906458797326	0.0	1.500000000000155e-6	0.021886899999998863	0.10121629999999593	0.1720160999999845	0.2326472000000033
0.18211581291759465	0.0	8.999999999999921e-7	0.019554899999998335	0.09628660000000064	0.16633449999998112	0.2276099999999772
0.18365256124721605	0.0	1.0000000000000184e-7	0.017786100000000173	0.09192290000000895	0.16187819999999448	0.22304259999999465
0.1851893095768374	0.0	2.999999999999868e-7	0.0163713000000004	0.08874090000000458	0.1581327000000062	0.21992420000000723
0.1867260579064588	0.0	9.999999999998804e-8	0.01540059999999977	0.08625269999999081	0.15549779999998004	0.217137499999993
0.1882628062360802	0.0	0.0	0.014709200000000025	0.08442880000000134	0.15339890000000475	0.21523290000000508
0.18979955456570155	0.0	0.0	0.014257499999999902	0.08326790000000167	0.15203469999998828	0.21397000000000382
0.19133630289532294	0.0	0.0	0.01413449999999926	0.08304730000000296	0.1517000000000093	0.2137672999999731
0.19287305122494433	0.0	0.0	0.014272499999999749	0.08338160000000074	0.15209909999999224	0.21414919999998294
0.1944097995545657	0.0	9.99999999999979e-8	0.014712600000000294	0.0844001999999936	0.1532453000000223	0.21514940000000068
0.19594654788418708	0.0	2.0000000000000446e-7	0.015258800000000967	0.0860763000000087	0.15494480000001556	0.2170968000000046
0.19748329621380847	0.0	1.0000000000000251e-7	0.016280100000000023	0.08863740000000045	0.15771439999998685	0.21997429999999887
0.19902004454342984	0.0	2.999999999999927e-7	0.017583299999998876	0.09169150000000073	0.16132199999999658	0.223229999999976
0.20055679287305123	0.0	4.999999999999853e-7	0.019276599999997736	0.09589120000000677	0.16555560000000272	0.22729269999998172
0.20209354120267262	0.0	7.999999999999813e-7	0.021505300000001983	0.1007475999999973	0.1709629000000046	0.23234159999999013
0.20363028953229398	0.0	2.7999999999999105e-6	0.024144699999999367	0.10665859999999357	0.17692919999998388	0.23820380000003424
0.20516703786191537	0.0	4.499999999999977e-6	0.02765890000000094	0.11340980000000637	0.18431209999998138	0.244925799999986
0.20670378619153676	0.0	1.3400000000000795e-5	0.03184819999999738	0.12132739999999503	0.19230760000000768	0.2523872000000445
0.20824053452115812	0.0	3.240000000000226e-5	0.03723110000000431	0.13050340000000693	0.20156559999998816	0.2608466999999774
0.2097772828507795	0.0	7.990000000000778e-5	0.04364029999999629	0.14109990000000022	0.2121179000000009	0.270092900000019
0.2113140311804009	0.0	0.00017959999999999	0.05170290000000286	0.15295759999999797	0.22362449999998057	0.2802717999999958
0.21285077951002226	0.0	0.00041789999999999406	0.061733499999997096	0.1668774999999822	0.23628549999997325	0.29145529999995473
0.21438752783964365	0.0	0.0009852999999999678	0.07352179999998969	0.18204810000000268	0.2502165999999757	0.30372660000002183
0.21592427616926504	0.0	0.002181299999999844	0.08811179999999492	0.19923459999999343	0.2656515000000307	0.31673470000000653
0.2174610244988864	0.0	0.00461950000000019	0.10554619999999304	0.2184558999999941	0.2823273999999887	0.33110459999996805
0.2189977728285078	0.0	0.009225199999999784	0.12660010000001123	0.23974149999999578	0.300751100000013	0.34613380000002814
0.2205345211581292	0.0	0.017838799999998774	0.1514093999999973	0.2632023000000407	0.32018320000001216	0.36264730000002654
0.22207126948775055	0.0	0.032823400000000225	0.18045060000000157	0.2893176999999931	0.3413521000000023	0.37978240000001984
0.22360801781737194	0.0	0.02855320000000001	0.17325519999999475	0.28280540000001275	0.3361453999999975	0.37558570000003344
0.22514476614699333	0.0	0.023071999999998385	0.1627832000000294	0.27387059999999386	0.3285848000000359	0.36958489999996486
0.2266815144766147	0.0	0.018771000000002126	0.15338169999998882	0.2654848999999772	0.3218719000000116	0.36399579999999687
0.22821826280623608	0.0	0.01529629999999921	0.1451073000000028	0.2577449000000302	0.31551670000003856	0.35868209999999334
0.22975501113585747	0.0	0.01258999999999952	0.13742660000000195	0.25060640000002293	0.3096387999999811	0.35413749999999194
0.23129175946547884	0.0	0.010474799999999226	0.13066200000002418	0.24420170000001512	0.304202699999979	0.3494331999999907
0.23282850779510023	0.0	0.008812299999999586	0.12489710000000001	0.23846420000000326	0.29945700000003045	0.34558709999996806
0.23436525612472162	0.0	0.0074421000000003635	0.11951949999999542	0.23327379999999445	0.29504120000001866	0.3420497999999974
0.23590200445434298	0.0	0.006367599999999794	0.11498939999999094	0.22865190000001137	0.29091040000000407	0.33844409999995395
0.23743875278396437	0.0	0.00559929999999964	0.11116180000000717	0.224697100000005	0.2875670000000013	0.3356914999999991
0.23897550111358576	0.0	0.004904700000000487	0.10769799999999938	0.2212996000000052	0.284601500000015	0.3332125000000166
0.24051224944320712	0.0	0.004449800000000104	0.10489559999999817	0.218431299999984	0.2822149000000138	0.3312447000000174
0.2420489977728285	0.0	0.004024100000000434	0.10260899999998985	0.21593240000001646	0.2799426000000174	0.3295198000000099
0.2435857461024499	0.0	0.003735300000000131	0.10084280000000473	0.2141656000000158	0.27827070000000864	0.328111299999974
0.24512249443207126	0.0	0.003551899999999475	0.09959589999998719	0.21269049999997164	0.27730039999996925	0.32719899999997165
0.24665924276169265	0.0	0.00343440000000021	0.09870180000001313	0.21201039999998528	0.27638400000003405	0.32662539999997664
0.24819599109131404	0.0	0.0034059000000000923	0.09859449999998213	0.2116158000000077	0.27619579999997296	0.3263943999999974
0.2497327394209354	0.0	0.0033899999999997656	0.09849240000000103	0.21175029999997885	0.27639420000000875	0.32632530000002796
0.2512694877505568	0.0	0.0035004000000001083	0.09888540000000398	0.21230720000002815	0.2769277999999811	0.3270996999999486
0.25280623608017816	0.0	0.0036373000000000976	0.10022029999999653	0.21366490000000746	0.2778760999999644	0.32769370000001546
0.2543429844097996	0.0	0.003865000000000183	0.10162909999999732	0.21519749999999296	0.27919680000001235	0.3288851000000483
0.25587973273942094	0.0	0.004165300000000005	0.10354399999999513	0.21739619999999865	0.28112129999999796	0.3307795000000426
0.2574164810690423	0.0	0.0045971000000002635	0.10624039999999196	0.2201689999999898	0.28331609999998725	0.3324428999999964
0.2589532293986637	0.0	0.005193199999999881	0.10910080000000638	0.22316990000002185	0.28626589999996904	0.33495789999995357
0.2604899777282851	0.0	0.00592200000000123	0.11273619999999993	0.226877999999988	0.2898610999999408	0.33750519999997636
0.26202672605790644	0.0	0.0067925999999998675	0.11671770000000242	0.23128880000000318	0.29302140000000065	0.34034639999998156
0.26356347438752786	0.0	0.007963400000000028	0.12161320000000313	0.23636880000000335	0.2974775000000418	0.34425739999999505
0.2651002227171492	0.0	0.009399399999998503	0.12725839999999866	0.2418352000000011	0.30185369999999323	0.3481921999999587
0.2666369710467706	0.0	0.011280600000001239	0.13340839999997728	0.2476482999999484	0.3071146999999758	0.3521925999999759
0.268173719376392	0.0	0.013591300000000197	0.14027509999998766	0.2543223000000069	0.312646600000035	0.3567220999999911
0.26971046770601337	0.0	0.01653560000000047	0.1481006999999749	0.26165029999992184	0.3187089000000038	0.3617410000000228
0.27124721603563473	0.0	0.02017230000000143	0.15667739999997962	0.2694712000000044	0.3251847999999992	0.36723379999998124
0.27278396436525615	0.0	0.024851800000001197	0.16594780000000037	0.278031599999986	0.3323277000000108	0.37281360000003855
0.2743207126948775	0.0	0.030701699999997778	0.17661020000001018	0.28732410000001096	0.33990020000001503	0.3792837000000325
0.2758574610244989	0.0	0.03809849999999883	0.1880142000000023	0.29721980000000847	0.34791120000002723	0.38563379999996317
0.2773942093541203	0.0	0.047148200000003526	0.20076759999999874	0.3077262000000214	0.3565586999999352	0.3926571000000465
0.27893095768374165	0.0	0.05849689999999499	0.21473599999998144	0.31918070000000687	0.36570390000002095	0.3998406000000188
0.280467706013363	0.0	0.07226710000000251	0.22965329999999085	0.331250100000029	0.37518549999995926	0.4075901000000092
0.28200445434298443	0.0	0.08891449999999748	0.24602069999998752	0.3443927000000087	0.3854748999999999	0.41568540000004545
0.2835412026726058	0.0	0.10916369999998883	0.2636863999999858	0.35784760000000326	0.3962128000000177	0.4243537999999547
0.28507795100222716	0.0	0.13335019999999542	0.2828791999999489	0.3721818999999889	0.4073599999999724	0.4331391000000081
0.2866146993318486	0.0	0.16204519999999525	0.30338850000001427	0.3872334999999563	0.4191723999999579	0.44222249999996827
0.28815144766146994	0.0	0.19527139999999785	0.3252876999999729	0.40319550000003407	0.4314415000000017	0.45170920000000636
0.2896881959910913	0.0	0.23327860000002343	0.3490117000000151	0.41998860000005883	0.44427650000000435	0.46209839999999003
0.2912249443207127	0.0	0.2765958999999969	0.3738963999999963	0.43711799999998185	0.4575363999999808	0.47238519999999057
0.2927616926503341	0.0	0.3249285999999967	0.39989300000002664	0.4555653999999772	0.4715264999999812	0.48323259999998974
0.29429844097995544	0.0	0.3777501000000003	0.4278183999999948	0.4741068000000233	0.4857425000000235	0.4945706999999611
0.29583518930957686	0.0	0.4347040999999923	0.45647359999996656	0.4936135000000164	0.5002860999999932	0.5061120999999671
0.2973719376391982	0.0	0.49470360000003943	0.4861946999999584	0.5134714999999879	0.5158262000000188	0.51785600000004
0.2989086859688196	1.0	0.5565267999999427	0.5176238000000886	0.5338178999998687	0.5313700000000977	0.5300269000000267
0.300445434298441	1.0	0.6193458999999706	0.5491633999999951	0.5549852999999787	0.5473028999999994	0.5425075999999952
0.30198218262806237	1.0	0.680264500000099	0.5814350999999879	0.576664899999946	0.5635697999999925	0.555384600000006
0.30351893095768373	1.0	0.7388110000000089	0.6139703000000946	0.5981182999999249	0.5802735999999911	0.568425300000023
0.30505567928730515	1.0	0.7931697999999545	0.6467052000000003	0.620257699999961	0.5973861000000222	0.5815697000001468
0.3065924276169265	1.0	0.8417467999999814	0.6787886999999707	0.6422618000000205	0.6144025999998883	0.5951123999999863
0.3081291759465479	1.0	0.883407699999948	0.7111152999999746	0.664743000000047	0.6318002999999951	0.6088832999999919
0.3096659242761693	1.0	0.9179935999999866	0.7422017999999632	0.6871296000000412	0.6493480999999522	0.6228989000000484
0.31120267260579065	1.0	0.944934399999983	0.7720593999999412	0.7090656999999413	0.6668757000000013	0.6370734000000448
0.312739420935412	1.0	0.9652321000000476	0.8009009000000307	0.7309554999999937	0.6844791000000935	0.6511248000000722
0.31427616926503343	1.0	0.9792946000000452	0.8278767999999377	0.7523340999999597	0.7019548999999601	0.6655522000000101
0.3158129175946548	1.0	0.9885588000000433	0.8531918999999222	0.7731372000000314	0.719386199999964	0.6796607000000341
0.31734966592427616	1.0	0.9941556000000469	0.8765186999998766	0.7938958999999904	0.736519799999945	0.6942981999999541
0.3188864142538976	1.0	0.9972897000000059	0.8975215000000124	0.8133826000000709	0.7536975000000623	0.7085519999999681
0.32042316258351894	1.0	0.9989004999999573	0.9163718999999573	0.8322377999999216	0.7704872000000792	0.7227743999999239
0.3219599109131403	1.0	0.9995858999999568	0.9329950000000539	0.8503296999999812	0.786963900000168	0.7370862000000074
0.3234966592427617	1.0	0.9998747000000066	0.9472204999999811	0.8675933000000041	0.8029833000000307	0.7513990000000376
0.3250334075723831	1.0	0.9999652999999892	0.9594929999999969	0.8834557000000677	0.8187589999999978	0.765253899999992
0.32657015590200444	1.0	0.999994099999984	0.9694353000000498	0.89876010000006	0.8337814000000615	0.7788126000000393
0.32810690423162586	1.0	0.9999990999999314	0.9775684000000417	0.9122284000000673	0.8480062999999818	0.7925611999999181
0.3296436525612472	1.0	0.9999997999999667	0.9840336000000931	0.9248888999999331	0.8621319000000484	0.8058532999999711
0.3311804008908686	1.0	1.0	0.9889045000002001	0.9362840999999578	0.8753466000000809	0.8186658999999507
0.33271714922049	1.0	1.0	0.99260360000007	0.9465690999999534	0.8878261000000073	0.8312995999999754
0.33425389755011137	1.0	1.0	0.99266160000003	0.9465884999999478	0.8875536999999994	0.8336328999999613
0.33579064587973273	1.0	1.0	0.9908868000000046	0.9412520000000427	0.8807882000001317	0.8268231000000267
0.33732739420935415	1.0	1.0	0.9888116000000122	0.9355901999999784	0.8739434000000844	0.8200637999999217
0.3388641425389755	1.0	1.0	0.9863293000000017	0.929584800000022	0.8668387000000884	0.8131317000001194
0.3404008908685969	1.0	0.9999998999996262	0.9835111000000137	0.9232834999999879	0.8595191999999647	0.806124500000022
0.3419376391982183	1.0	0.999999699999807	0.9802437999999691	0.9165857999999736	0.8521158000000087	0.7989761999999478
0.34347438752783965	1.0	0.9999989999999769	0.9765849999998931	0.9095766000000671	0.8444988000000035	0.7917732999999737
0.345011135857461	1.0	0.9999958000000158	0.972357000000007	0.902333000000049	0.8368274999999257	0.784553099999939
0.3465478841870824	1.0	0.9999916999999685	0.9677692999999792	0.8947507000000086	0.8288641000000044	0.7772542000000308
0.3480846325167038	1.0	0.9999774000000067	0.962578599999921	0.8868666000000675	0.820721599999993	0.7697814999999859
0.34962138084632516	1.0	0.999948800000023	0.9568435000000858	0.8783745000000153	0.8124106999999626	0.7622990000000011
0.3511581291759465	1.0	0.9998936000000391	0.95048999999996	0.8699098999999773	0.8042763999998823	0.754716400000039
0.35269487750556794	1.0	0.999784100000033	0.9433812000000321	0.8611940000000424	0.7957557999999708	0.7472739999999707
0.3542316258351893	1.0	0.9996146000000157	0.9360476000000456	0.8520892999999303	0.7870491999998884	0.7395630000000295
0.35576837416481066	1.0	0.999326099999988	0.927759999999976	0.8425409999999648	0.7783042000001014	0.7321440999999702
0.3573051224944321	1.0	0.9988592000000356	0.9188096000000001	0.832639699999974	0.7695174000000731	0.7244723000000459
0.35884187082405344	1.0	0.9981427999999601	0.9093994999999568	0.822882799999909	0.7607302000000219	0.716967699999985
0.3603786191536748	1.0	0.9971058999999313	0.8992581000000643	0.8129280999999745	0.7517239999998873	0.70910359999994
0.3619153674832962	1.0	0.9956170999999492	0.8886715000000152	0.8023718999999997	0.7425511999999935	0.7013863000000885
0.3634521158129176	1.0	0.9934902000000465	0.877259099999991	0.791939199999987	0.7335749000000333	0.6938055000000104
0.36498886414253895	1.0	0.9907642000000783	0.8650890999999777	0.781210200000046	0.7243927999999324	0.6860593000000207
0.36652561247216037	1.0	0.9870183999999325	0.8524984999999694	0.7701981999999351	0.715318400000024	0.6782392999999639
0.36806236080178173	1.0	0.9822494000000338	0.8397189999999372	0.7591989000000577	0.7059941000000349	0.6709460000000158
0.3695991091314031	1.0	0.9762701000000203	0.8262548999999952	0.7478912999998685	0.6967774999998679	0.6630045999999228
0.3711358574610245	1.0	0.9689181999999102	0.811966500000043	0.7365200999999038	0.6875411999999783	0.6557453000000365
0.37267260579064587	1.0	0.9600538000000628	0.7974272999999368	0.7252956000000457	0.6780391999999603	0.6480828999999881
0.37420935412026723	1.0	0.9492784999999195	0.7822665999999394	0.7136570000001553	0.6689807999999965	0.640510800000034
0.37574610244988865	1.0	0.9369344000000607	0.7670064000000519	0.7020018999999684	0.659787000000039	0.6329595000000092
0.37728285077951	1.0	0.9225351999998727	0.7511451999999672	0.6903403000000815	0.6505088999999503	0.6254982000000311
0.3788195991091314	1.0	0.9060988000000446	0.7350144000000378	0.6787360999999312	0.6413539999999746	0.6180833000000456
0.3803563474387528	1.0	0.8875669000001033	0.7186031000000839	0.6670870000000272	0.6320121000000474	0.610666600000021
0.38189309576837416	1.0	0.8673762000001017	0.7019547000000422	0.6553909000000505	0.622888699999995	0.6034650000000713
0.3834298440979955	1.0	0.8451021999999843	0.6851569000000015	0.6436203999999648	0.6141137000001478	0.5959985000000568
0.38496659242761694	1.0	0.8209136000001603	0.6687612999999368	0.6321368000000626	0.6049961000000514	0.5889935000000963
0.3865033407572383	1.0	0.7950993999999979	0.6515572999999522	0.6201584000000098	0.5958326000000325	0.5816188000000689
0.38804008908685966	1.0	0.7676536999999918	0.6343074999999211	0.6085785999999631	0.5873986000000236	0.5747587000000786
0.3895768374164811	1.0	0.7384544999998737	0.6175235999999814	0.5972931999999701	0.5783199000000486	0.5678195999999751
0.39111358574610244	1.0	0.7087272999999492	0.60019919999996	0.5856503000000254	0.5697344999999517	0.5608167000000537
0.3926503340757238	1.0	0.6776122000000192	0.5830978999999963	0.5743516000000188	0.5611592999998997	0.5540521000000662
0.3941870824053452	1.0	0.6459235000000404	0.5661707999999526	0.5629168000000928	0.5524687000000096	0.5472532000000081
0.3957238307349666	1.0	0.6136246000000959	0.5497322000000642	0.5517812999999905	0.544028700000025	0.5406512999999902
0.39726057906458795	1.0	0.5813929999999513	0.5327996000000383	0.5408766000000473	0.5358909000000381	0.5343989000000219
0.39879732739420937	1.0	0.5483905000000392	0.5164317999999742	0.5302179999999351	0.5275994000000132	0.527600199999999
0.40033407572383073	1.0	0.5159633000000037	0.5001564000000198	0.5191717999999034	0.519426699999948	0.5209873999999859
0.4018708240534521	0.0	0.4838951999999888	0.48415720000001583	0.508554000000058	0.5114229000000466	0.5148476000000102
0.4034075723830735	0.0	0.4524455999999785	0.46857270000001255	0.498297900000006	0.5034737000000665	0.5086090999999868
0.40494432071269487	0.0	0.4219715000000016	0.45340229999998405	0.48811199999997984	0.49572829999997803	0.5026609000000558
0.40648106904231623	0.0	0.3920457000000368	0.4379641000000051	0.47799889999999534	0.48823259999995494	0.4967099999999089
0.40801781737193765	0.0	0.3636316999999637	0.42327430000005545	0.46785439999999745	0.48084179999997395	0.4905585000000058
0.409554565701559	0.0	0.33605120000000493	0.40894209999999875	0.4582365999999602	0.47328090000000095	0.4850739000000643
0.4110913140311804	0.0	0.30985299999999216	0.3948971999999989	0.44882199999997113	0.46629430000002536	0.4790556999999976
0.4126280623608018	0.0	0.2849808000000172	0.3811343000000254	0.43947969999997527	0.4587082999999788	0.47359269999998466
0.41416481069042316	0.0	0.2612418999999796	0.36809299999997963	0.43019359999993956	0.45180709999998125	0.4680186999999836
0.4157015590200445	0.0	0.23892239999999865	0.3549293000000113	0.42136780000000923	0.44498139999988956	0.4626970999999883
0.41723830734966594	0.0	0.21827629999998127	0.3424999999999872	0.41244020000003134	0.4383928000000214	0.45726739999997706
0.4187750556792873	0.0	0.1988327999999842	0.3303970000000103	0.40417550000001395	0.4315962000000372	0.4522908000000264
0.42031180400890866	0.0	0.1808287999999752	0.31867939999999506	0.39558729999997894	0.4254575999999844	0.44745589999998353
0.4218485523385301	0.0	0.16402540000001342	0.3073889000000217	0.3877721999999785	0.41927859999999495	0.4423270999999534
0.42338530066815144	0.0	0.14872799999996125	0.2963969000000365	0.3796895999999872	0.4129638999999994	0.4371711000000148
0.4249220489977728	0.0	0.13446449999999058	0.28577949999997887	0.3718242999999711	0.4071232999999997	0.43273790000000784
0.4264587973273942	0.0	0.12141209999999344	0.275727199999968	0.36445619999999007	0.401026900000034	0.4278029999999833
0.4279955456570156	0.0	0.10976989999999345	0.2659413999999899	0.3571711000000189	0.39547720000001546	0.4234349999999676
0.42953229398663695	0.0	0.09884259999999097	0.2565687999999608	0.3499541999999645	0.3901209000000085	0.41894219999998
0.43106904231625837	0.0	0.08886660000000318	0.24749510000000413	0.3431799999999826	0.3845890000000052	0.4145077000000041
0.43260579064587973	0.0	0.0798211000000022	0.23883330000003025	0.33651319999997115	0.3793460999999918	0.41056339999996605
0.4341425389755011	0.0	0.07177819999998875	0.23072809999999702	0.32994640000000686	0.37421229999999583	0.406316599999998
0.4356792873051225	0.0	0.06437859999999002	0.22256350000002684	0.32349859999998226	0.3692955000000288	0.4023461999999967
0.43721603563474387	0.0	0.05789270000000196	0.21497320000002687	0.3176806000000319	0.3643417999999422	0.39831580000002886
0.43875278396436523	0.0	0.05196880000000083	0.20762230000001214	0.31188530000001646	0.3596933999999716	0.3944103999999945
0.44028953229398665	0.0	0.04655449999999999	0.20081019999998678	0.3060081000000189	0.35505460000004435	0.3909507000000033
0.441826280623608	0.0	0.041755099999996104	0.1940844999999937	0.30047199999998403	0.3506602999999651	0.3874533000000038
0.4433630289532294	0.0	0.03742059999999931	0.18790370000000733	0.29536769999998647	0.3466161999999747	0.38405370000001915
0.4448997772828508	0.0	0.03361049999999529	0.18158970000002106	0.2902982000000255	0.34235579999999266	0.38075120000000784
0.44643652561247216	0.0	0.030180100000003117	0.1761106000000307	0.28529450000000567	0.33829940000007247	0.37747340000001395
0.4479732739420935	0.0	0.027070499999997014	0.1705709999999691	0.28049239999999204	0.3344277999999758	0.37400809999998835
0.44951002227171494	0.0	0.024424000000000046	0.16514750000000025	0.27601500000000384	0.33064549999999016	0.371177100000005
0.4510467706013363	0.0	0.021940200000000958	0.16032619999999634	0.2715150999999718	0.32720340000003373	0.3681214000000181
0.45258351893095766	0.0	0.019748100000001365	0.15558669999997424	0.2674041999999461	0.3237662000000206	0.3654846999999927
0.4541202672605791	0.0	0.017861099999998045	0.15124769999998378	0.2633378000000359	0.32050309999995186	0.3625427999999913
0.45565701559020044	0.0	0.016109299999999504	0.14709300000000858	0.25948679999999774	0.3171387999999905	0.36012869999998226
0.4571937639198218	0.0	0.014630900000000004	0.14305659999999673	0.25587840000001766	0.3141272000000619	0.35730409999993523
0.4587305122494432	0.0	0.013237800000000983	0.13924500000000506	0.2522960000000169	0.3113680000000304	0.35539419999998845
0.4602672605790646	0.0	0.012045900000001154	0.1357404000000001	0.2489943999999717	0.30832099999996615	0.3528110999999766
0.46180400890868595	0.0	0.011003099999999549	0.13237000000000296	0.2456496000000036	0.3056948999999716	0.35058140000002724
0.46334075723830737	0.0	0.010017600000000659	0.12922609999999193	0.24263119999998695	0.30291090000002	0.3482972999999867
0.46487750556792873	0.0	0.009104500000001282	0.12628380000000103	0.2399799000000046	0.30052620000000724	0.3463302000000264
0.4664142538975501	0.0	0.008447800000000547	0.12345800000000019	0.23723699999999212	0.2982372999999552	0.3443798000000336
0.4679510022271715	0.0	0.007804899999999843	0.12079289999998917	0.23470319999998887	0.296201099999975	0.3427477999999931
0.46948775055679287	0.0	0.007154299999999399	0.11825469999999352	0.2320727000000092	0.2939205999999542	0.34107949999995874
0.47102449888641423	0.0	0.00660880000000021	0.11610740000000211	0.23015449999998344	0.29208260000004427	0.3393472999999978
0.47256124721603565	0.0	0.006169000000000126	0.1140107999999971	0.22787419999998887	0.29028299999996593	0.3377455000000054
0.474097995545657	0.0	0.005792699999999758	0.11198930000000255	0.22575519999999746	0.28836730000003064	0.33642010000002404
0.4756347438752784	0.0	0.005442799999999785	0.11004029999999596	0.223667600000003	0.28678049999997923	0.3353650000000153
0.4771714922048998	0.0	0.005084599999999795	0.10853349999999226	0.22212729999997852	0.2850874999999855	0.3338798999999764
0.47870824053452116	0.0	0.00478389999999983	0.10692089999999664	0.22056100000001705	0.28390760000002735	0.33293209999995077
0.4802449888641425	0.0	0.004561099999999535	0.10562129999999403	0.21883770000000746	0.28263089999998053	0.3317748999999805
0.48178173719376394	0.0	0.004328700000000167	0.10431870000000096	0.2177396000000155	0.2814800999999897	0.33067099999997934
0.4833184855233853	0.0	0.0041357000000004735	0.10328079999999391	0.2163482000000032	0.28035530000003994	0.3297680999999615
0.48485523385300666	0.0	0.003990900000000263	0.10219430000000435	0.2152314999999814	0.2795669999999568	0.3292979999999741
0.4863919821826281	0.0	0.0038158000000003355	0.10135259999999599	0.21457979999998067	0.27880150000001236	0.32840360000007496
0.48792873051224944	0.0	0.0037482000000000895	0.10051650000000813	0.21366110000000887	0.27799940000004825	0.3278866000000352
0.4894654788418708	0.0	0.0036243000000002698	0.09991599999999426	0.21301970000001125	0.2773020999999896	0.3273866000000247
0.4910022271714922	0.0	0.003518200000000256	0.09935619999999307	0.2125184999999913	0.2769245000000329	0.32714569999995236
0.4925389755011136	0.0	0.0034729999999997398	0.09888329999999561	0.21186420000000425	0.276625499999952	0.3265837000000005
0.49407572383073495	0.0	0.0034364999999998503	0.09878290000000624	0.2117354000000098	0.2762507999999794	0.32634249999992176
0.49561247216035637	0.0	0.003409400000000125	0.09852020000000573	0.2115085000000051	0.27604500000000187	0.32655599999999935
0.49714922048997773	0.0	0.003407100000000387	0.09832180000000557	0.21151469999999126	0.27605290000000104	0.3263096999999648
0.4986859688195991	0.0	0.0034206999999999953	0.09859959999998799	0.21169130000001357	0.2761624000000186	0.32628820000000175
0.5002227171492205	0.0	0.003431700000000011	0.09865600000000926	0.21196500000000254	0.27642119999999953	0.32665390000000677
0.5017594654788419	0.0	0.0034917000000000715	0.09900049999999781	0.21214729999999957	0.2764729000000154	0.3266647000000281
0.5032962138084632	0.0	0.003524699999999896	0.09951890000000374	0.2127164000000112	0.27720629999998664	0.32716240000003777
0.5048329621380846	0.0	0.0035855000000001914	0.0998143000000004	0.21331820000000543	0.27752909999992476	0.3276358999999934
0.506369710467706	0.0	0.003732699999999432	0.100622499999991	0.2137413000000187	0.2782202000000484	0.32813010000001724
0.5079064587973274	0.0	0.0038112999999993717	0.10134449999999964	0.21484350000002897	0.2788110999999646	0.3286483999999693
0.5094432071269488	0.0	0.003959500000000357	0.10212590000000413	0.21565380000000975	0.279664300000011	0.32936320000003133
0.5109799554565702	0.0	0.004075599999999466	0.10303289999999879	0.2168930999999953	0.28061629999996607	0.33022020000002644
0.5125167037861915	0.0	0.004288499999999623	0.1042223000000004	0.2180007000000003	0.28169900000002224	0.3313645000000436
0.5140534521158129	0.0	0.004471000000000043	0.1053690999999913	0.21940479999999932	0.282723199999999	0.3321219999999643
0.5155902004454342	0.0	0.0047773999999996515	0.10684200000001029	0.22094009999999414	0.28417030000005605	0.33315640000000296
0.5171269487750557	0.0	0.005064899999999695	0.10829790000000795	0.22258339999999655	0.2854701000000392	0.33395649999994853
0.5186636971046771	0.0	0.005359799999999423	0.11004479999999522	0.2243618999999834	0.2871542000000071	0.33534829999998966
0.5202004454342984	0.0	0.0056914999999998425	0.11188159999998958	0.22609320000000613	0.2887617999999667	0.3369956000000197
0.5217371937639198	0.0	0.006107899999999071	0.11375339999999634	0.22812370000002083	0.2902840000000118	0.33835329999999286
0.5232739420935412	0.0	0.0065618999999999495	0.11564570000000629	0.23017309999999408	0.2921685000000681	0.3396985999999469
0.5248106904231625	0.0	0.007045599999999649	0.1179490999999937	0.23249269999998365	0.29417559999999415	0.3412577000000139
0.526347438752784	0.0	0.0075859000000000724	0.12032410000000163	0.23491079999998288	0.29606060000003576	0.34320280000001374
0.5278841870824054	0.0	0.008241800000000282	0.12291369999998306	0.2376505999999732	0.29846189999999995	0.3451136000000325
0.5294209354120267	0.0	0.009001000000001171	0.12569170000000454	0.2403837999999824	0.30075440000001363	0.3469456000000339
0.5309576837416481	0.0	0.009787699999998088	0.12871460000001156	0.2432124999999852	0.3029421999999738	0.348714900000013
0.5324944320712695	0.0	0.010797299999997683	0.13167679999999532	0.24598390000002784	0.3057528999999867	0.3511441000000637
0.5340311804008908	0.0	0.01174970000000009	0.1350156999999877	0.24927969999996197	0.308109999999915	0.35333649999996214
0.5355679287305123	0.0	0.012900499999999098	0.13837830000001752	0.2525614999999356	0.3111430999999996	0.35541900000002846
0.5371046770601337	0.0	0.01423720000000064	0.14204700000001091	0.25612489999997157	0.3139957000000459	0.3578541999999753
0.538641425389755	0.0	0.01568679999999984	0.14579190000002065	0.2598507999999991	0.3169913999999715	0.3603100999999939
0.5401781737193764	0.0	0.017379199999997937	0.14986739999999066	0.2633715999999747	0.320212899999993	0.3631407000000412
0.5417149220489977	0.0	0.01918889999999831	0.1542951999999885	0.2675599999999722	0.3235252999999791	0.3657735999999983
0.5432516703786191	0.0	0.021270699999999323	0.15876830000001968	0.2714075000000296	0.32682940000002236	0.36854409999996346
0.5447884187082406	0.0	0.023574099999999452	0.16368350000000445	0.27584079999999706	0.3304645000000308	0.37134539999996674
0.5463251670378619	0.0	0.026220399999999724	0.16843789999998826	0.2802841999999924	0.33404910000004256	0.3744329000000383
0.5478619153674833	0.0	0.029171999999998813	0.17373049999998477	0.2848604999999853	0.33784559999997954	0.377515099999995
0.5493986636971047	0.0	0.0324580000000036	0.17931089999999522	0.2897114999999749	0.34175239999998946	0.38079569999996177
0.550935412026726	0.0	0.036149000000003095	0.18496239999997705	0.29468200000002537	0.3456471999999517	0.38397469999998035
0.5524721603563474	0.0	0.04014880000000119	0.19112110000002128	0.299923400000054	0.35006469999998896	0.3872458999999642
0.5540089086859689	0.0	0.044738800000001765	0.19728269999998738	0.30496880000004656	0.35415580000001395	0.39073819999999493
0.5555456570155902	0.0	0.04966619999999345	0.20390180000001198	0.3106709000000042	0.3586282000000294	0.3941808000000047
0.5570824053452116	0.0	0.05525190000000817	0.21099839999999334	0.31634490000000975	0.36322629999994216	0.39798959999995503
0.558619153674833	0.0	0.06161399999999574	0.21807649999999168	0.322134000000001	0.3677547000000541	0.40157979999996624
0.5601559020044543	0.0	0.06845970000000828	0.22564479999998843	0.3280105000000025	0.3727114000000099	0.4055895000000936
0.5616926503340757	0.0	0.07592430000000573	0.23351980000001493	0.3343504000000013	0.377588500000022	0.4096062000000133
0.5632293986636971	0.0	0.08443580000000053	0.24167190000001573	0.3409554999999748	0.3829032000000204	0.4135543999999728
0.5647661469933185	0.0	0.09346400000000858	0.2502209000000217	0.34754039999996944	0.38795020000000596	0.4177303999999906
0.5663028953229399	0.0	0.10356680000000008	0.2590922000000138	0.35417789999995813	0.39356600000002234	0.4218094000000168
0.5678396436525612	0.0	0.11485849999998976	0.2683635999999987	0.36138540000001	0.39903390000002475	0.42636569999999513
0.5693763919821826	0.0	0.12685430000002487	0.27792159999999866	0.3683965999999563	0.40424870000000707	0.43063630000000164
0.570913140311804	0.0	0.13987439999997922	0.2878938999999891	0.3759535000000656	0.4102300000000453	0.435254999999995
0.5724498886414254	0.0	0.1542251000000149	0.29822830000002437	0.3834616999999907	0.41621469999996985	0.44001989999999114
0.5739866369710468	0.0	0.1695772000000135	0.30857530000002026	0.39118819999998233	0.42238509999998913	0.44496029999999936
0.5755233853006682	0.0	0.1862661999999893	0.31989429999997837	0.39932769999998974	0.42812820000000745	0.4498656000000626
0.5770601336302895	0.0	0.2039552999999896	0.3312725999999418	0.40725549999996624	0.4344565999999776	0.45446160000002234
0.5785968819599109	0.0	0.22318710000001224	0.3428968999999943	0.41562540000002857	0.4408825000000237	0.45952260000000456
0.5801336302895322	0.0	0.2434582000000101	0.35453150000005607	0.4240494999999998	0.4476837999999903	0.46462939999996594
0.5816703786191537	0.0	0.2650339999999962	0.3674148999999605	0.4327573000000206	0.45422710000002564	0.4697161000000168
0.5832071269487751	0.0	0.2880792000000176	0.38007649999997206	0.4417206999999817	0.4606093000000356	0.4749757000000601
0.5847438752783964	0.0	0.3122537000000221	0.39337209999995215	0.450571000000003	0.4678221999999938	0.48043720000003054
0.5862806236080178	0.0	0.3376642999999667	0.4068372000000475	0.45970970000000877	0.4748653999999924	0.4860442999999897
0.5878173719376392	0.0	0.36406839999998825	0.4205302999999788	0.4692261999999244	0.48211009999998006	0.49155980000004007
0.5893541202672605	0.0	0.3914599000000426	0.4348824999999549	0.47889129999993413	0.4895129000000026	0.497275800000044
0.590890868596882	0.0	0.42004920000000784	0.44911900000002275	0.48849929999998853	0.4966482999999611	0.5031117000000115
0.5924276169265034	0.0	0.4491604000000069	0.46384289999996087	0.4983455000001018	0.5043125000000467	0.5091316000000591
0.5939643652561247	0.0	0.47936230000001595	0.47868270000002205	0.5083444000000681	0.5118175000000313	0.5149311000000694
0.5955011135857461	1.0	0.5097203000000116	0.49411749999999083	0.5184451999999172	0.519699599999937	0.5207168000000645
0.5970378619153675	1.0	0.5407342999999074	0.5095381000000083	0.5285788999999927	0.527362500000006	0.526961800000002
0.5985746102449888	1.0	0.5720149999999615	0.525095199999921	0.5389862999999935	0.5352260000000484	0.5331727000001442
0.6001113585746103	1.0	0.6032898000000445	0.5408640999999681	0.5495481999999396	0.5433337999999546	0.5393717999999814
0.6016481069042316	1.0	0.6343654000000092	0.5570867000000561	0.5603506999999456	0.5513778999999958	0.5455548999999252
0.603184855233853	1.0	0.6649027999999285	0.5730659000000548	0.5711382999999391	0.559412000000025	0.5520540000000372
0.6047216035634744	1.0	0.695220299999971	0.589444999999921	0.5816268000000584	0.5675157000000216	0.5585343000000706
0.6062583518930957	1.0	0.7243412000000581	0.6058767999999065	0.5925249999999928	0.5760679999999894	0.5650197999999221
0.6077951002227171	1.0	0.7527037000000885	0.6223133999999433	0.6036626000000725	0.584523200000031	0.5716121000000882
0.6093318485523386	1.0	0.7799253999999474	0.6384128000000114	0.6145916000000495	0.5929430999999602	0.57821859999998
0.6108685968819599	1.0	0.8056904999999543	0.6546842000000157	0.6257824999999096	0.6014285000000751	0.584915599999955
0.6124053452115813	1.0	0.8298819000000242	0.6707550000000431	0.6367527000000306	0.6101852999998929	0.5919994999998927
0.6139420935412027	1.0	0.8523405999999849	0.6870043999999709	0.6479157999999128	0.6187108999999639	0.5984868000000246
0.615478841870824	1.0	0.8733694999999755	0.7030583999998983	0.6590693000001597	0.6274372000001741	0.6053726000000795
0.6170155902004454	1.0	0.892620799999932	0.7186419000000126	0.6701037999999876	0.6362280999999946	0.6122824999999168
0.6185523385300669	1.0	0.9100158000000111	0.7342619999999825	0.6815402000000057	0.6448510999999724	0.6193283999999749
0.6200890868596882	1.0	0.9252960999999853	0.7496165000000569	0.6922213999999747	0.6536019000000285	0.6263923000000216
0.6216258351893096	1.0	0.9386936000000575	0.7646265000000155	0.7035923999999684	0.6624736000000823	0.6334976000000229
0.623162583518931	1.0	0.9506612000001154	0.7792476999999699	0.7142814000000303	0.6713577999999003	0.6404202000000889
0.6246993318485523	1.0	0.960732800000035	0.7937249000000622	0.7254775000000042	0.679837199999973	0.647602600000059
0.6262360801781737	1.0	0.9691729000000201	0.807664899999993	0.7362547999999812	0.6887970999999488	0.6547790999999006
0.6277728285077951	1.0	0.9762217000000256	0.8214553000001	0.7469571000000383	0.6977025000000585	0.6620142999999095
0.6293095768374165	1.0	0.9819848999999238	0.8345474000000521	0.7576044000000426	0.7062531999999903	0.6688676000000028
0.6308463251670379	1.0	0.9865858999999997	0.8470234000000327	0.7681253999999729	0.7148341000000425	0.6761999999999013
0.6323830734966592	1.0	0.9902015999999861	0.859099499999985	0.7785697000000141	0.7238185999999996	0.6833374000000297
0.6339198218262806	1.0	0.9930460999999873	0.870900299999936	0.7885115000000091	0.7324816999999808	0.6904379000000536
0.635456570155902	1.0	0.9951430999999809	0.88206730000011	0.7986788999999541	0.7408883000000197	0.697679400000007
0.6369933184855234	1.0	0.9966703999999631	0.892622299999969	0.808439400000006	0.749545000000103	0.7051404000000014
0.6385300668151448	1.0	0.9978052000000391	0.9025256000000014	0.8180534000000395	0.7579498999999893	0.7119095000000252
0.6400668151447662	1.0	0.9985962000000144	0.9119293999999275	0.8277392999999124	0.7660607999999023	0.7193469000000758
0.6416035634743875	1.0	0.999110399999952	0.9207890000001329	0.8367367999999755	0.7747209999999065	0.7263325999998888
0.6431403118040089	1.0	0.9994604000000179	0.9290977000000297	0.8459340999999677	0.7829717000000848	0.7334534999999641
0.6446770601336302	1.0	0.9996839000000114	0.9368003999999305	0.8547893999998792	0.7910266000000088	0.7405392999999608
0.6462138084632517	1.0	0.9998279999999916	0.9439959000001704	0.8632997000000848	0.7990095000000161	0.7475327999999927
0.6477505567928731	1.0	0.999900000000009	0.9505599000000515	0.8716368999999897	0.8070079000000214	0.7546134999999625
0.6492873051224944	1.0	0.99994970000002	0.9566439999999777	0.8796125999999964	0.8148833999999339	0.7617055999999915
0.6508240534521158	1.0	0.9999776000000059	0.962069000000061	0.887221499999959	0.8222475000000491	0.7687179000000001
0.6523608017817372	1.0	0.9999903999999783	0.9671619000000369	0.8948425000000696	0.8299293999999595	0.7756228999999699
0.6538975501113585	1.0	0.9999959999999946	0.9716834999999188	0.9019815000000371	0.8372799000000636	0.7823505999998529
0.65543429844098	1.0	0.9999986000000174	0.9757252999999934	0.9089102999999841	0.8443808999999697	0.7890085999999732
0.6569710467706014	1.0	0.9999997999998738	0.9793215999999523	0.9154240000001556	0.851667599999992	0.7957454000000461
0.6585077951002227	1.0	1.0	0.9825421999999083	0.921803499999971	0.8585564999999517	0.8025379999999714
0.6600445434298441	1.0	1.0	0.9853774000000391	0.9278419000001008	0.8654419999999098	0.8091767000000198
0.6615812917594655	1.0	1.0	0.9878144000000322	0.9334006000000289	0.8719512999998901	0.8154377000000472
0.6631180400890868	1.0	1.0	0.9899641999999227	0.9389613000000073	0.8784420000001576	0.8218438999999708
0.6646547884187083	1.0	1.0	0.9917301999999814	0.9442062999999902	0.8847715999998631	0.8281106999999608
0.6661915367483296	1.0	1.0	0.9933445999999468	0.9489446999999661	0.8909276999999945	0.8344209999999743
0.667728285077951	1.0	1.0	0.9937457999999719	0.9504286999999152	0.8927833000000707	0.8362229999999223
0.6692650334075724	1.0	1.0	0.9937343999999789	0.9503659999999587	0.8926724000000349	0.8363078000000879
0.6708017817371937	1.0	1.0	0.9937610000000142	0.9503700000000576	0.8926427999999867	0.8362311999999834
0.6723385300668151	1.0	1.0	0.9937566000000344	0.9504990000000917	0.8927928000000084	0.8364605999999801
0.6738752783964366	1.0	1.0	0.9937160000000613	0.9503568999998884	0.892686899999969	0.8363841000000832
0.6754120267260579	1.0	1.0	0.9937496000000615	0.9503686999999739	0.8927808000000736	0.8363420000000109
0.6769487750556793	1.0	1.0	0.9937488999999124	0.9504465000000563	0.892880099999932	0.8362811000000442
0.6784855233853007	1.0	1.0	0.9937579999999648	0.9504348000000643	0.8927446999999892	0.8366170999999922
0.680022271714922	1.0	1.0	0.993770200000054	0.9503874000000403	0.8927439999999953	0.8363230999999774
0.6815590200445434	1.0	1.0	0.9937306000000233	0.950358700000021	0.8927901000000059	0.8362102999999761
0.6830957683741649	1.0	1.0	0.993764800000002	0.950320000000002	0.8927170999999894	0.8362797000000419
0.6846325167037862	1.0	1.0	0.9937810999999965	0.9503507999999609	0.8928000999999524	0.8364065999999888
0.6861692650334076	1.0	1.0	0.9937376000000736	0.9502626999999717	0.8927113999999341	0.8363327999998945
0.687706013363029	1.0	1.0	0.9937338999998777	0.9504353999999977	0.8927725000000332	0.8361844000000316
0.6892427616926503	1.0	1.0	0.9937144000000382	0.9502790000000696	0.8926594999999659	0.8364445000000613
0.6907795100222717	1.0	1.0	0.9937338000000644	0.9503939000000564	0.8927662999999669	0.8366036999999459
0.6923162583518931	1.0	1.0	0.9937327999999997	0.950260599999973	0.8927833000000394	0.8363658000000552
0.6938530066815145	1.0	1.0	0.9937659999999455	0.9504910000000107	0.8927080999999858	0.8363834000000919
0.6953897550111359	1.0	1.0	0.9937771000001079	0.9503592000000365	0.892635199999998	0.8364716999998871
0.6969265033407572	1.0	1.0	0.9937818000000106	0.950420399999946	0.892706199999928	0.8363203999999941
0.6984632516703786	1.0	1.0	0.9937729999999794	0.9503324000000051	0.8927748999998999	0.83644280000006
0.7	1.0	1.0	0.9937578000000368	0.9503825999999077	0.8926305999999491	0.8365745000000341
